id 	approximative coordinates (x,y) 	blinking frames 
0	(388.4, 459.0)	[2, 6, 9, 11, 14, 15, 22, 28, 31, 32, 36, 37, 38, 39, 44, 46, 48, 50, 52, 56, 57, 58, 59, 63, 64, 65, 73, 75, 76, 79, 82, 83, 84, 85, 86, 87, 88, 89, 90, 91, 93, 94, 98, 99, 101, 106, 108, 109, 114, 116, 119, 122, 124, 125, 126, 127, 130, 131, 132, 133, 135, 139, 140, 142, 143, 144, 146, 148, 149, 150, 153, 154, 157, 160, 161, 163, 166, 167, 170, 171, 172, 175, 177, 179, 180, 186, 187, 189, 195, 198, 199]
1	(49.2, 381.0)	[1, 5, 7, 9, 11, 12, 13, 17, 18, 20, 27, 28, 30, 34, 36, 45, 46, 51, 52, 53, 60, 62, 66, 69, 70, 71, 72, 77, 79, 80, 82, 83, 87, 88, 95, 96, 100, 101, 102, 103, 106, 112, 115, 116, 119, 121, 123, 126, 127, 128, 129, 130, 132, 134, 136, 140, 142, 145, 147, 149, 150, 154, 161, 163, 165, 171, 172, 174, 175, 177, 178, 183, 186, 188, 189, 190, 191, 192, 193, 196, 197, 198, 199]
2	(193.8, 203.4)	[1, 2, 5, 6, 8, 9, 10, 11, 18, 20, 25, 31, 35, 36, 37, 38, 40, 41, 42, 45, 47, 49, 51, 52, 53, 57, 60, 62, 65, 66, 69, 72, 76, 83, 84, 85, 88, 94, 95, 96, 99, 100, 102, 103, 104, 105, 107, 109, 110, 112, 114, 116, 119, 123, 126, 128, 130, 132, 133, 134, 135, 136, 137, 140, 142, 143, 144, 146, 147, 148, 153, 156, 160, 161, 163, 164, 165, 166, 171, 172, 173, 175, 179, 180, 184, 187, 188, 189, 190, 191, 192, 195, 196, 197, 200]
3	(317.4, 31.0)	[1, 2, 6, 7, 8, 12, 18, 21, 23, 24, 29, 30, 31, 35, 37, 38, 39, 41, 45, 46, 50, 51, 53, 54, 55, 57, 63, 65, 66, 67, 68, 69, 72, 73, 74, 78, 79, 88, 89, 91, 92, 93, 95, 96, 97, 98, 104, 108, 109, 111, 112, 113, 115, 121, 123, 124, 126, 130, 131, 133, 135, 136, 137, 139, 143, 145, 146, 150, 151, 152, 154, 156, 157, 161, 166, 167, 168, 171, 172, 174, 177, 180, 182, 183, 187, 192, 195, 196, 198, 199, 200]
4	(256.2, 464.0)	[2, 4, 8, 9, 11, 12, 14, 16, 21, 24, 28, 29, 30, 35, 36, 37, 39, 40, 46, 50, 51, 52, 54, 57, 58, 60, 62, 63, 65, 66, 67, 68, 69, 72, 74, 75, 77, 78, 80, 81, 83, 85, 88, 89, 92, 93, 96, 97, 99, 101, 104, 106, 108, 109, 110, 111, 112, 119, 122, 125, 126, 128, 129, 130, 132, 133, 139, 140, 146, 147, 149, 150, 152, 156, 157, 158, 162, 164, 166, 167, 168, 170, 172, 173, 175, 179, 181, 182, 183, 186, 196, 199, 200]
5	(257.0, 312.6)	[4, 5, 6, 7, 11, 15, 18, 19, 21, 22, 23, 25, 26, 29, 30, 31, 32, 34, 35, 36, 40, 43, 44, 48, 49, 50, 51, 54, 55, 56, 57, 58, 60, 61, 63, 71, 72, 74, 75, 80, 82, 84, 87, 89, 90, 94, 99, 100, 104, 108, 109, 112, 113, 114, 116, 117, 118, 119, 120, 129, 130, 132, 133, 134, 136, 138, 141, 142, 147, 150, 153, 156, 157, 161, 164, 166, 175, 176, 178, 179, 180, 181, 184, 187, 189, 190, 192, 194, 195, 196, 197]
6	(393.4, 464.2)	[4, 6, 7, 8, 10, 12, 15, 18, 19, 21, 25, 27, 28, 29, 30, 32, 33, 34, 36, 39, 43, 45, 48, 49, 51, 52, 53, 55, 59, 60, 62, 64, 65, 69, 71, 72, 79, 81, 88, 90, 93, 95, 100, 101, 102, 103, 105, 107, 108, 109, 113, 114, 117, 118, 122, 127, 129, 130, 132, 135, 136, 139, 141, 143, 144, 145, 146, 147, 148, 149, 151, 152, 153, 156, 157, 163, 164, 165, 166, 174, 175, 176, 178, 181, 183, 184, 189, 192, 193, 195, 196, 198, 199, 200]
7	(249.0, 277.6)	[2, 6, 7, 8, 13, 14, 16, 19, 24, 25, 29, 30, 31, 33, 36, 37, 38, 40, 43, 44, 50, 56, 59, 63, 65, 66, 67, 68, 69, 71, 74, 75, 78, 80, 84, 87, 89, 92, 93, 94, 96, 97, 99, 100, 101, 102, 103, 104, 106, 107, 109, 110, 114, 119, 122, 123, 124, 125, 126, 127, 131, 132, 133, 134, 136, 138, 139, 142, 143, 146, 148, 149, 152, 153, 155, 156, 158, 159, 162, 164, 166, 168, 169, 171, 173, 175, 177, 178, 180, 181, 183, 184, 185, 187, 191, 196, 198]
8	(288.0, 371.8)	[2, 6, 7, 11, 12, 13, 16, 19, 20, 21, 25, 28, 29, 33, 37, 39, 41, 42, 43, 55, 56, 57, 58, 61, 63, 66, 67, 71, 77, 81, 86, 87, 88, 91, 95, 97, 98, 102, 103, 104, 106, 107, 108, 109, 110, 112, 114, 116, 117, 123, 125, 127, 128, 131, 135, 136, 138, 145, 146, 150, 151, 152, 154, 155, 157, 160, 162, 163, 164, 165, 166, 168, 170, 171, 174, 177, 178, 179, 180, 182, 183, 186, 188, 190, 191, 194, 195, 196]
9	(393.4, 331.2)	[1, 2, 3, 6, 8, 9, 10, 12, 13, 17, 19, 20, 23, 24, 29, 31, 33, 34, 37, 38, 40, 47, 51, 52, 53, 54, 57, 59, 61, 62, 63, 64, 69, 73, 75, 77, 78, 80, 81, 82, 83, 84, 85, 89, 91, 92, 93, 97, 99, 101, 102, 105, 106, 108, 109, 112, 113, 117, 123, 125, 127, 129, 131, 134, 137, 138, 139, 141, 142, 143, 144, 146, 147, 155, 163, 164, 167, 168, 169, 170, 171, 173, 174, 178, 179, 180, 184, 185, 186, 189, 190, 191, 194, 196, 197, 198]
10	(352.8, 226.6)	[3, 4, 5, 9, 11, 15, 17, 18, 21, 24, 28, 29, 36, 38, 41, 44, 45, 47, 50, 51, 52, 55, 59, 61, 62, 64, 67, 69, 70, 71, 72, 73, 78, 80, 81, 82, 86, 88, 90, 93, 95, 96, 97, 103, 105, 107, 108, 110, 111, 112, 117, 118, 121, 124, 128, 129, 130, 131, 133, 134, 136, 137, 138, 141, 143, 147, 149, 152, 153, 154, 164, 166, 167, 168, 169, 170, 171, 172, 173, 174, 175, 176, 178, 179, 180, 184, 186, 187, 189, 193, 197]
11	(133.6, 114.6)	[2, 3, 5, 6, 8, 12, 13, 19, 22, 24, 28, 29, 30, 33, 34, 39, 40, 41, 42, 43, 45, 53, 54, 55, 58, 62, 63, 65, 66, 67, 68, 70, 73, 76, 77, 82, 84, 85, 86, 87, 88, 89, 90, 92, 93, 96, 97, 98, 106, 109, 112, 114, 115, 116, 117, 123, 124, 127, 134, 136, 137, 138, 139, 140, 141, 143, 146, 147, 148, 150, 152, 155, 156, 162, 163, 164, 165, 167, 168, 173, 176, 177, 178, 181, 183, 186, 189, 193, 194, 195]
12	(317.8, 213.4)	[1, 3, 5, 7, 8, 10, 14, 15, 16, 17, 20, 21, 27, 31, 36, 38, 39, 42, 44, 46, 48, 49, 52, 53, 55, 57, 60, 64, 66, 67, 68, 76, 79, 80, 84, 86, 88, 89, 90, 92, 93, 95, 97, 100, 102, 108, 110, 111, 113, 116, 117, 119, 124, 125, 126, 128, 131, 132, 133, 137, 138, 142, 144, 146, 153, 156, 157, 158, 159, 164, 165, 167, 168, 171, 172, 173, 178, 180, 181, 183, 184, 188, 190, 192, 194, 196, 197, 199]
13	(214.8, 289.8)	[1, 3, 5, 6, 7, 9, 10, 11, 16, 17, 18, 24, 26, 33, 36, 38, 42, 45, 46, 48, 50, 56, 57, 59, 60, 62, 66, 67, 68, 69, 73, 74, 75, 76, 77, 78, 79, 80, 81, 82, 84, 89, 92, 94, 98, 106, 109, 110, 111, 114, 117, 120, 121, 122, 124, 125, 127, 128, 130, 131, 138, 139, 141, 142, 143, 146, 147, 149, 153, 157, 163, 167, 168, 169, 173, 174, 177, 180, 182, 183, 188, 189, 193, 194, 195, 196, 200]
14	(220.2, 413.0)	[1, 2, 3, 5, 8, 9, 15, 18, 22, 24, 27, 28, 29, 32, 37, 38, 39, 40, 45, 46, 49, 54, 55, 56, 58, 59, 60, 62, 63, 65, 66, 72, 73, 74, 75, 76, 79, 80, 88, 91, 97, 98, 100, 105, 109, 112, 114, 115, 117, 118, 119, 121, 122, 124, 126, 132, 134, 138, 139, 140, 141, 143, 144, 147, 148, 150, 151, 152, 154, 156, 158, 162, 166, 167, 170, 172, 176, 177, 180, 182, 185, 186, 187, 189, 190, 194, 195, 198, 200]
15	(165.2, 264.0)	[3, 4, 14, 21, 23, 26, 27, 32, 38, 39, 40, 43, 44, 45, 51, 53, 56, 59, 65, 66, 69, 70, 74, 75, 76, 77, 81, 82, 83, 85, 86, 87, 88, 89, 90, 94, 97, 98, 103, 104, 105, 106, 107, 111, 112, 119, 120, 123, 124, 126, 128, 129, 130, 132, 133, 134, 135, 138, 139, 142, 143, 145, 148, 149, 150, 151, 153, 154, 156, 158, 159, 160, 162, 163, 166, 171, 176, 177, 178, 182, 185, 186, 188, 191, 192, 193, 197, 198, 199]
16	(172.2, 372.0)	[1, 8, 9, 12, 13, 18, 20, 22, 23, 27, 28, 29, 31, 32, 33, 34, 37, 40, 41, 43, 45, 46, 47, 49, 51, 53, 55, 56, 61, 62, 65, 68, 69, 70, 74, 75, 76, 78, 79, 82, 83, 86, 87, 91, 92, 94, 95, 99, 100, 103, 105, 107, 110, 112, 113, 114, 115, 121, 122, 125, 129, 131, 132, 135, 137, 139, 140, 141, 143, 144, 148, 149, 152, 158, 159, 160, 162, 163, 170, 172, 173, 175, 177, 179, 180, 181, 182, 183, 185, 186, 187, 192, 197, 198, 200]
17	(175.4, 464.8)	[1, 8, 11, 12, 16, 19, 23, 27, 28, 29, 30, 31, 32, 34, 38, 39, 42, 48, 49, 50, 53, 54, 56, 57, 58, 60, 61, 62, 68, 69, 70, 72, 76, 78, 79, 80, 84, 85, 87, 92, 94, 96, 97, 98, 99, 104, 105, 106, 109, 110, 116, 118, 122, 123, 124, 125, 126, 130, 131, 135, 136, 140, 142, 144, 145, 146, 147, 148, 151, 152, 153, 165, 166, 167, 169, 170, 172, 173, 175, 176, 177, 178, 179, 180, 181, 188, 192, 193, 195]
18	(294.2, 314.2)	[2, 5, 7, 8, 11, 13, 16, 18, 20, 21, 22, 24, 28, 29, 30, 35, 37, 44, 47, 49, 50, 51, 56, 57, 63, 65, 66, 70, 73, 75, 78, 83, 86, 89, 90, 91, 93, 95, 96, 97, 101, 108, 110, 113, 114, 115, 116, 117, 119, 120, 121, 124, 125, 126, 127, 128, 129, 135, 136, 137, 139, 140, 143, 145, 146, 147, 149, 154, 155, 158, 159, 162, 163, 165, 166, 169, 171, 172, 174, 177, 189, 194, 196, 198, 199, 200]
19	(439.2, 242.4)	[9, 11, 12, 16, 17, 18, 20, 22, 24, 30, 33, 38, 39, 40, 41, 43, 45, 47, 48, 51, 53, 55, 56, 59, 60, 61, 63, 67, 69, 71, 73, 79, 80, 81, 84, 85, 86, 89, 90, 92, 96, 97, 101, 102, 103, 104, 105, 108, 109, 113, 116, 117, 121, 123, 124, 126, 127, 129, 132, 133, 135, 136, 138, 139, 140, 142, 150, 156, 157, 161, 163, 164, 167, 170, 171, 174, 175, 176, 178, 180, 182, 184, 188, 189, 190, 193, 195, 199, 200]
20	(328.6, 376.8)	[6, 10, 11, 16, 18, 19, 20, 21, 23, 24, 25, 27, 32, 34, 36, 38, 44, 45, 47, 49, 53, 54, 56, 59, 66, 69, 70, 73, 74, 76, 77, 78, 84, 86, 87, 88, 90, 92, 94, 96, 97, 98, 99, 100, 101, 102, 104, 105, 106, 107, 109, 111, 112, 114, 116, 117, 120, 122, 124, 125, 128, 132, 133, 139, 141, 144, 146, 147, 150, 153, 154, 157, 163, 165, 167, 168, 169, 170, 171, 173, 175, 178, 180, 181, 182, 183, 184, 185, 187, 188, 192, 195, 198, 199]
21	(230.4, 114.8)	[3, 4, 6, 7, 8, 10, 13, 14, 16, 19, 22, 23, 24, 25, 28, 29, 30, 34, 35, 40, 42, 48, 49, 51, 53, 61, 67, 68, 70, 71, 73, 74, 79, 80, 81, 85, 86, 89, 90, 94, 96, 97, 99, 100, 102, 103, 104, 105, 111, 112, 113, 116, 117, 118, 120, 125, 128, 129, 131, 132, 136, 141, 143, 144, 145, 146, 149, 151, 154, 156, 157, 161, 164, 172, 173, 176, 177, 178, 179, 181, 184, 186, 189, 191, 194, 195, 200]
22	(199.2, 130.2)	[5, 6, 7, 8, 9, 11, 14, 16, 23, 24, 34, 36, 41, 43, 49, 54, 55, 56, 57, 58, 59, 62, 63, 66, 71, 73, 75, 76, 80, 82, 85, 87, 89, 90, 92, 93, 94, 95, 96, 98, 99, 102, 103, 108, 112, 114, 118, 124, 127, 128, 129, 130, 131, 133, 134, 137, 138, 139, 140, 141, 143, 144, 145, 148, 149, 150, 155, 156, 161, 162, 165, 168, 169, 171, 173, 176, 177, 181, 182, 183, 189, 190, 191, 192, 193, 194, 198]
23	(314.6, 320.6)	[1, 2, 7, 8, 9, 13, 15, 16, 17, 18, 24, 25, 29, 30, 31, 32, 34, 35, 38, 42, 45, 47, 48, 49, 50, 51, 53, 54, 55, 57, 63, 65, 67, 68, 69, 70, 73, 75, 85, 86, 87, 88, 92, 93, 96, 98, 99, 102, 103, 104, 106, 107, 108, 111, 112, 113, 115, 116, 120, 122, 123, 124, 126, 127, 131, 132, 133, 136, 137, 138, 139, 140, 150, 152, 153, 159, 160, 164, 166, 169, 170, 171, 172, 173, 174, 175, 178, 180, 181, 184, 185, 187, 188, 190, 191, 192, 194, 195, 197]
24	(389.4, 445.0)	[1, 3, 6, 7, 8, 10, 11, 14, 16, 19, 21, 22, 23, 25, 31, 32, 33, 35, 36, 42, 44, 45, 47, 48, 49, 50, 57, 61, 62, 66, 69, 70, 72, 82, 87, 88, 89, 96, 97, 98, 99, 100, 104, 105, 107, 108, 111, 113, 115, 116, 118, 119, 122, 125, 126, 129, 133, 134, 136, 139, 140, 143, 144, 148, 149, 150, 152, 157, 159, 160, 162, 167, 168, 170, 172, 173, 175, 179, 187, 189, 191, 192, 193, 194, 195, 196, 197]
25	(322.2, 316.8)	[1, 3, 4, 5, 6, 7, 10, 11, 15, 18, 22, 24, 27, 29, 30, 33, 34, 42, 43, 45, 46, 50, 52, 53, 54, 56, 57, 58, 59, 60, 64, 69, 72, 73, 74, 77, 79, 80, 83, 84, 86, 90, 92, 93, 94, 97, 98, 99, 100, 101, 103, 105, 107, 109, 113, 115, 116, 117, 118, 120, 122, 123, 130, 138, 140, 141, 142, 147, 149, 151, 152, 159, 163, 164, 165, 167, 168, 169, 171, 173, 174, 176, 181, 184, 185, 187, 189, 194, 195]
26	(305.6, 344.2)	[3, 5, 6, 8, 10, 11, 12, 13, 14, 16, 18, 19, 21, 23, 27, 31, 32, 33, 34, 37, 40, 45, 48, 51, 53, 55, 56, 58, 60, 61, 62, 63, 68, 69, 71, 75, 79, 83, 84, 85, 86, 88, 89, 92, 95, 96, 100, 101, 103, 110, 111, 112, 113, 117, 119, 124, 125, 129, 131, 133, 134, 137, 138, 141, 142, 144, 145, 146, 148, 156, 157, 160, 166, 167, 172, 177, 178, 179, 181, 182, 185, 186, 187, 191, 192, 194, 196, 197, 198, 199]
27	(295.6, 317.6)	[1, 3, 4, 5, 7, 10, 13, 15, 20, 27, 28, 29, 31, 34, 35, 36, 39, 41, 42, 45, 47, 51, 53, 55, 56, 58, 60, 61, 64, 67, 70, 71, 72, 76, 79, 81, 82, 83, 84, 85, 88, 90, 91, 93, 96, 99, 100, 103, 106, 109, 111, 112, 113, 117, 119, 120, 123, 124, 126, 130, 132, 135, 139, 140, 142, 145, 149, 151, 152, 153, 154, 155, 156, 160, 163, 164, 167, 172, 174, 175, 179, 181, 187, 190, 192, 193, 195, 196, 198, 199]
28	(248.8, 345.6)	[2, 3, 4, 10, 11, 12, 13, 16, 21, 23, 24, 29, 32, 34, 35, 36, 40, 44, 45, 47, 49, 50, 55, 56, 59, 60, 61, 62, 64, 66, 68, 72, 76, 78, 79, 82, 83, 86, 87, 89, 90, 92, 93, 94, 95, 97, 98, 99, 100, 106, 107, 111, 114, 116, 117, 118, 120, 126, 127, 136, 140, 142, 144, 145, 148, 149, 150, 151, 152, 153, 157, 159, 163, 165, 167, 172, 173, 175, 176, 177, 179, 183, 187, 189, 190, 191, 193, 194, 195, 196]
29	(26.2, 111.4)	[2, 4, 7, 10, 12, 16, 22, 26, 27, 28, 29, 31, 33, 34, 37, 39, 40, 41, 42, 43, 45, 47, 53, 54, 56, 57, 61, 62, 65, 66, 68, 70, 74, 76, 79, 87, 90, 92, 96, 97, 100, 101, 103, 108, 110, 114, 115, 116, 117, 122, 124, 125, 126, 128, 130, 137, 138, 142, 143, 144, 145, 147, 148, 151, 153, 158, 160, 161, 162, 163, 164, 165, 166, 167, 168, 170, 171, 172, 175, 176, 184, 187, 191, 192, 193, 194, 195, 196, 200]
30	(398.2, 245.4)	[1, 3, 5, 6, 15, 21, 25, 26, 27, 33, 36, 38, 40, 41, 46, 48, 52, 53, 59, 61, 62, 65, 68, 71, 72, 74, 76, 80, 81, 83, 87, 91, 94, 98, 99, 100, 101, 102, 107, 108, 112, 113, 114, 115, 116, 117, 119, 120, 121, 122, 123, 124, 125, 126, 128, 129, 130, 131, 134, 135, 136, 140, 141, 145, 149, 150, 151, 152, 153, 154, 155, 160, 161, 164, 165, 168, 169, 172, 175, 176, 179, 181, 186, 192, 193, 194, 195, 196, 199, 200]
31	(373.8, 423.4)	[1, 4, 6, 7, 9, 10, 12, 13, 16, 19, 20, 22, 24, 25, 28, 33, 34, 35, 38, 40, 43, 44, 46, 49, 51, 55, 60, 63, 64, 65, 69, 70, 71, 72, 73, 78, 83, 85, 88, 90, 91, 96, 99, 101, 102, 103, 104, 111, 113, 117, 118, 120, 123, 129, 131, 133, 135, 139, 140, 142, 145, 146, 147, 151, 158, 159, 162, 163, 164, 165, 168, 169, 170, 171, 172, 176, 177, 178, 179, 181, 183, 186, 187, 188, 189, 190, 191, 192, 193, 196, 198]
32	(26.0, 86.4)	[5, 7, 10, 11, 13, 18, 20, 27, 30, 32, 33, 34, 35, 36, 37, 38, 40, 41, 42, 43, 45, 46, 47, 49, 51, 53, 55, 64, 66, 73, 74, 75, 80, 83, 86, 87, 90, 91, 94, 95, 96, 102, 105, 106, 107, 108, 114, 116, 118, 119, 120, 121, 124, 127, 128, 132, 134, 136, 138, 139, 141, 144, 145, 148, 150, 152, 153, 154, 155, 157, 160, 163, 165, 166, 168, 170, 172, 173, 174, 176, 177, 178, 180, 181, 187, 193, 195, 196, 197, 200]
33	(79.8, 128.0)	[2, 7, 8, 9, 10, 11, 14, 16, 17, 18, 24, 26, 27, 31, 32, 33, 36, 38, 40, 41, 42, 43, 45, 47, 48, 50, 52, 53, 54, 58, 59, 60, 64, 65, 71, 73, 75, 78, 83, 86, 88, 90, 91, 93, 94, 95, 96, 97, 99, 103, 106, 111, 112, 119, 125, 128, 129, 131, 132, 135, 136, 137, 138, 139, 142, 143, 146, 148, 151, 152, 154, 159, 162, 164, 165, 166, 170, 171, 173, 175, 177, 178, 182, 186, 187, 188, 190, 192, 194, 199]
34	(454.2, 291.4)	[1, 2, 8, 9, 10, 11, 13, 14, 15, 17, 19, 20, 23, 24, 27, 29, 34, 35, 41, 42, 43, 44, 45, 50, 51, 52, 53, 54, 56, 59, 60, 61, 62, 66, 68, 71, 78, 81, 84, 85, 87, 93, 94, 96, 98, 100, 102, 103, 104, 106, 110, 111, 112, 115, 117, 120, 121, 122, 124, 125, 128, 130, 134, 135, 136, 139, 140, 141, 146, 149, 154, 155, 156, 159, 161, 162, 163, 170, 171, 172, 173, 175, 176, 186, 187, 189, 191, 192, 197, 198]
35	(259.4, 206.6)	[2, 4, 5, 7, 10, 11, 12, 14, 17, 22, 23, 27, 29, 32, 33, 34, 36, 44, 46, 52, 53, 54, 55, 58, 59, 61, 62, 64, 65, 68, 69, 70, 75, 76, 78, 79, 81, 82, 83, 84, 85, 86, 88, 93, 96, 97, 110, 111, 114, 120, 124, 125, 127, 129, 130, 131, 133, 137, 138, 139, 141, 143, 144, 146, 147, 150, 151, 152, 153, 158, 159, 161, 165, 167, 169, 172, 173, 177, 178, 181, 187, 188, 189, 193, 194, 195, 200]
36	(473.2, 75.4)	[4, 7, 9, 10, 12, 15, 17, 19, 21, 22, 25, 26, 32, 36, 37, 38, 40, 41, 42, 43, 46, 48, 49, 50, 51, 57, 61, 62, 64, 68, 71, 76, 81, 82, 84, 86, 87, 88, 89, 91, 92, 94, 97, 100, 101, 102, 104, 106, 108, 119, 120, 122, 128, 131, 132, 134, 136, 137, 142, 143, 146, 147, 151, 153, 155, 157, 159, 164, 171, 173, 176, 177, 178, 182, 183, 184, 185, 186, 187, 188, 189, 191, 193, 194, 196, 198, 199, 200]
37	(179.0, 433.4)	[1, 3, 4, 6, 9, 11, 12, 14, 19, 20, 22, 23, 25, 29, 31, 32, 33, 37, 38, 39, 43, 46, 50, 51, 52, 54, 55, 58, 59, 61, 64, 66, 67, 68, 69, 71, 73, 74, 85, 86, 87, 88, 89, 91, 93, 95, 96, 97, 98, 99, 103, 106, 107, 109, 112, 115, 116, 117, 120, 122, 123, 124, 131, 141, 142, 146, 148, 149, 153, 154, 157, 161, 163, 164, 166, 168, 169, 170, 171, 173, 176, 180, 181, 182, 185, 186, 187, 188, 189, 190, 191, 192, 198, 199, 200]
38	(56.6, 262.8)	[1, 2, 8, 9, 11, 12, 15, 21, 23, 24, 25, 26, 27, 28, 32, 33, 34, 41, 43, 44, 45, 46, 47, 50, 51, 52, 56, 60, 62, 63, 67, 69, 74, 75, 76, 79, 83, 85, 86, 89, 90, 92, 94, 95, 96, 101, 102, 106, 108, 109, 112, 114, 126, 127, 130, 131, 132, 134, 135, 136, 138, 141, 143, 144, 145, 148, 150, 154, 155, 158, 161, 169, 171, 181, 183, 184, 185, 187, 188, 189, 190, 193, 194, 196, 197, 200]
39	(211.6, 385.0)	[5, 7, 13, 14, 20, 21, 22, 23, 25, 32, 33, 36, 38, 40, 42, 44, 48, 49, 50, 54, 55, 56, 57, 59, 60, 62, 64, 66, 68, 72, 75, 77, 80, 82, 84, 85, 86, 88, 90, 91, 94, 96, 98, 101, 105, 108, 110, 112, 114, 115, 117, 118, 120, 122, 123, 125, 127, 128, 129, 131, 132, 135, 136, 137, 138, 139, 140, 142, 143, 144, 145, 149, 153, 154, 160, 164, 169, 170, 171, 172, 174, 175, 178, 180, 181, 185, 187, 190, 191, 192, 194, 195, 199]
40	(270.2, 273.8)	[8, 12, 15, 17, 18, 26, 28, 30, 31, 35, 38, 40, 42, 43, 45, 47, 51, 52, 55, 56, 57, 60, 62, 63, 67, 68, 69, 70, 71, 72, 74, 77, 79, 81, 88, 90, 92, 95, 97, 99, 102, 103, 107, 108, 112, 113, 115, 117, 118, 120, 123, 124, 126, 127, 128, 130, 131, 134, 140, 141, 142, 144, 145, 146, 148, 152, 155, 156, 157, 158, 160, 161, 163, 164, 165, 167, 177, 179, 181, 186, 187, 190, 192, 193, 198]
41	(433.8, 87.8)	[2, 6, 9, 10, 12, 14, 15, 19, 22, 24, 27, 29, 32, 34, 36, 38, 42, 44, 45, 47, 50, 51, 54, 56, 60, 62, 65, 68, 69, 70, 75, 76, 79, 81, 85, 87, 89, 91, 92, 93, 94, 97, 98, 99, 101, 102, 103, 104, 107, 108, 109, 112, 113, 122, 124, 127, 129, 131, 132, 135, 138, 144, 145, 148, 151, 153, 159, 161, 162, 163, 166, 171, 172, 173, 175, 176, 179, 181, 186, 187, 191, 192, 193, 195, 197]
42	(319.6, 393.6)	[1, 4, 6, 7, 8, 12, 14, 15, 16, 17, 18, 20, 21, 23, 24, 26, 31, 32, 33, 35, 39, 43, 44, 45, 47, 53, 61, 62, 64, 68, 69, 75, 77, 79, 80, 83, 85, 87, 89, 93, 94, 95, 100, 102, 106, 107, 111, 112, 113, 114, 116, 118, 119, 123, 130, 132, 134, 136, 138, 140, 144, 153, 155, 157, 159, 160, 163, 164, 169, 171, 172, 174, 175, 180, 181, 183, 186, 187, 188, 192, 193, 194, 195, 196, 198, 200]
43	(183.8, 311.8)	[2, 5, 8, 9, 10, 15, 16, 17, 18, 22, 23, 24, 26, 31, 32, 34, 37, 39, 44, 46, 49, 50, 52, 57, 61, 63, 65, 66, 68, 70, 71, 72, 75, 76, 78, 79, 84, 87, 90, 91, 94, 98, 105, 106, 107, 108, 110, 113, 114, 116, 120, 122, 123, 125, 126, 127, 128, 132, 137, 138, 142, 143, 145, 148, 150, 151, 152, 153, 154, 155, 157, 159, 166, 167, 168, 170, 171, 172, 173, 174, 176, 179, 180, 183, 184, 185, 187, 188, 194, 196, 199]
44	(449.4, 189.4)	[3, 5, 6, 7, 8, 9, 13, 18, 21, 25, 29, 33, 35, 37, 38, 42, 43, 48, 49, 53, 54, 55, 56, 57, 58, 59, 60, 62, 64, 65, 69, 71, 73, 75, 76, 77, 78, 80, 88, 89, 90, 92, 93, 95, 97, 98, 102, 107, 108, 109, 110, 112, 115, 117, 118, 121, 122, 124, 125, 129, 131, 141, 143, 146, 147, 149, 151, 152, 155, 156, 159, 160, 161, 162, 164, 167, 168, 171, 176, 178, 179, 180, 182, 185, 186, 188, 191, 193, 194, 196, 197, 200]
45	(56.6, 370.0)	[1, 5, 6, 9, 10, 18, 19, 23, 26, 29, 30, 31, 32, 34, 36, 39, 43, 44, 45, 46, 52, 54, 59, 61, 64, 65, 67, 69, 72, 74, 76, 77, 78, 80, 81, 88, 90, 91, 94, 96, 97, 100, 104, 105, 106, 107, 108, 117, 118, 120, 122, 123, 124, 125, 129, 130, 131, 133, 134, 135, 136, 138, 139, 140, 141, 143, 146, 148, 150, 154, 155, 156, 159, 160, 162, 163, 164, 171, 172, 176, 181, 183, 184, 190, 194, 195, 200]
46	(403.2, 247.8)	[1, 3, 5, 7, 8, 14, 19, 24, 25, 26, 33, 35, 36, 37, 40, 46, 49, 50, 55, 58, 59, 60, 61, 62, 64, 65, 66, 67, 71, 72, 74, 75, 76, 78, 80, 86, 87, 89, 90, 93, 94, 97, 98, 99, 100, 104, 105, 108, 109, 112, 113, 114, 115, 116, 117, 119, 120, 121, 122, 123, 124, 125, 129, 134, 135, 136, 139, 142, 143, 150, 151, 153, 157, 159, 160, 162, 164, 168, 171, 172, 174, 176, 177, 178, 179, 182, 183, 186, 191, 195, 198, 200]
47	(221.4, 137.4)	[4, 5, 8, 10, 12, 19, 23, 24, 25, 29, 30, 31, 32, 34, 35, 36, 37, 38, 42, 43, 47, 48, 51, 52, 55, 56, 57, 64, 65, 66, 67, 68, 71, 73, 75, 76, 78, 80, 84, 88, 89, 90, 91, 95, 99, 100, 101, 102, 104, 106, 107, 109, 111, 114, 116, 123, 125, 126, 129, 132, 133, 137, 138, 139, 140, 141, 143, 144, 145, 147, 154, 155, 156, 158, 159, 161, 162, 163, 166, 171, 172, 173, 175, 176, 177, 182, 184, 188, 189, 191, 197, 199, 200]
48	(459.2, 29.6)	[3, 8, 11, 13, 16, 17, 18, 20, 22, 24, 26, 28, 29, 31, 33, 34, 35, 36, 39, 43, 46, 47, 51, 52, 54, 56, 57, 58, 59, 62, 63, 67, 68, 71, 73, 74, 76, 79, 83, 86, 95, 99, 100, 102, 108, 109, 110, 113, 115, 116, 118, 120, 121, 124, 126, 129, 131, 134, 136, 137, 140, 147, 148, 149, 152, 153, 155, 161, 163, 164, 166, 168, 170, 172, 174, 181, 182, 183, 186, 187, 192, 195, 196, 197]
49	(79.8, 463.8)	[3, 7, 9, 12, 14, 16, 18, 21, 24, 26, 29, 34, 38, 40, 41, 42, 43, 46, 51, 54, 56, 57, 58, 60, 65, 68, 69, 71, 72, 73, 74, 75, 77, 78, 79, 80, 82, 83, 85, 87, 88, 89, 90, 93, 94, 96, 97, 98, 99, 100, 102, 107, 109, 111, 115, 119, 123, 124, 126, 127, 130, 136, 142, 145, 146, 147, 151, 155, 156, 160, 161, 163, 166, 170, 174, 175, 181, 182, 184, 185, 186, 193, 194, 195, 198, 199]
50	(415.8, 122.4)	[3, 5, 6, 7, 15, 17, 19, 22, 23, 28, 30, 33, 34, 39, 45, 46, 48, 49, 54, 56, 57, 59, 60, 62, 64, 65, 66, 68, 76, 77, 79, 80, 81, 84, 88, 89, 90, 91, 93, 94, 95, 96, 99, 100, 101, 102, 110, 111, 113, 114, 116, 121, 122, 123, 125, 126, 128, 130, 131, 132, 134, 135, 140, 143, 146, 147, 151, 153, 154, 155, 158, 159, 162, 163, 164, 169, 172, 174, 175, 176, 177, 180, 182, 183, 184, 185, 191, 194, 195, 196, 200]
51	(333.2, 300.2)	[2, 4, 9, 10, 11, 12, 15, 16, 18, 21, 22, 23, 24, 25, 26, 28, 32, 37, 41, 44, 48, 51, 52, 53, 55, 59, 63, 64, 68, 69, 70, 73, 75, 76, 77, 78, 79, 81, 86, 87, 89, 90, 91, 93, 95, 96, 97, 104, 105, 106, 108, 109, 116, 119, 124, 127, 129, 131, 133, 138, 139, 140, 142, 143, 145, 146, 151, 152, 153, 158, 159, 160, 163, 164, 165, 168, 170, 172, 173, 175, 176, 178, 179, 180, 182, 189, 190, 194, 196, 197, 199, 200]
52	(38.8, 122.8)	[5, 6, 9, 13, 16, 18, 20, 23, 25, 29, 30, 36, 37, 38, 39, 40, 41, 43, 44, 46, 48, 49, 51, 53, 55, 56, 60, 61, 64, 65, 67, 69, 70, 72, 79, 80, 81, 84, 89, 91, 92, 94, 100, 103, 108, 111, 112, 113, 114, 120, 121, 122, 124, 128, 129, 130, 131, 132, 135, 136, 138, 140, 141, 143, 144, 146, 150, 151, 152, 155, 157, 165, 169, 170, 171, 174, 175, 176, 177, 179, 185, 186, 189, 190, 191, 192, 193, 194, 198]
53	(372.4, 404.6)	[1, 2, 3, 4, 8, 9, 11, 13, 15, 16, 18, 20, 22, 24, 25, 26, 27, 28, 30, 32, 33, 34, 36, 38, 39, 40, 41, 44, 45, 46, 48, 51, 53, 56, 58, 59, 61, 62, 63, 65, 66, 77, 78, 79, 80, 81, 84, 85, 90, 91, 94, 103, 106, 108, 110, 111, 113, 115, 117, 118, 119, 120, 122, 123, 124, 131, 132, 133, 134, 137, 139, 140, 141, 149, 150, 152, 154, 156, 158, 161, 162, 165, 166, 167, 170, 181, 182, 188, 190, 195, 196, 197, 200]
54	(180.6, 301.8)	[1, 4, 6, 8, 11, 13, 14, 16, 18, 23, 24, 25, 26, 28, 30, 32, 34, 36, 37, 38, 39, 42, 47, 52, 60, 61, 63, 65, 66, 67, 71, 72, 73, 74, 75, 77, 82, 84, 85, 87, 88, 93, 95, 97, 100, 102, 103, 104, 110, 112, 113, 116, 118, 119, 124, 125, 128, 130, 131, 133, 134, 135, 136, 143, 148, 150, 151, 156, 168, 169, 172, 176, 180, 186, 187, 191, 194, 195, 199, 200]
55	(378.8, 56.8)	[1, 2, 5, 10, 12, 13, 14, 15, 17, 18, 20, 26, 27, 29, 30, 33, 39, 42, 44, 48, 49, 57, 58, 60, 61, 66, 68, 69, 70, 71, 72, 73, 75, 76, 78, 79, 86, 91, 97, 101, 102, 103, 104, 106, 108, 110, 111, 112, 115, 116, 118, 121, 124, 129, 130, 132, 134, 135, 137, 139, 141, 142, 144, 146, 147, 148, 149, 150, 151, 152, 154, 157, 158, 159, 162, 163, 165, 169, 172, 175, 176, 177, 178, 183, 184, 186, 189, 190, 193, 197, 198]
56	(39.8, 455.4)	[4, 7, 9, 14, 16, 20, 21, 22, 23, 28, 29, 30, 32, 34, 36, 39, 45, 46, 49, 51, 52, 56, 58, 59, 61, 70, 72, 73, 74, 76, 77, 78, 79, 84, 85, 86, 87, 88, 89, 90, 94, 95, 98, 99, 101, 102, 105, 107, 108, 109, 110, 114, 115, 116, 119, 120, 126, 127, 128, 132, 133, 134, 138, 139, 140, 142, 143, 144, 145, 146, 148, 151, 152, 153, 154, 155, 166, 171, 172, 174, 176, 178, 179, 180, 181, 183, 185, 187, 188, 189, 194, 196, 200]
57	(166.4, 359.2)	[6, 7, 11, 12, 14, 15, 16, 17, 18, 20, 22, 26, 31, 34, 38, 39, 43, 44, 45, 46, 52, 53, 54, 55, 56, 58, 62, 64, 65, 72, 73, 75, 79, 81, 83, 86, 89, 92, 94, 95, 97, 100, 102, 104, 105, 106, 107, 109, 110, 112, 113, 114, 120, 123, 126, 127, 129, 130, 131, 132, 134, 136, 138, 139, 140, 148, 149, 150, 151, 155, 156, 159, 164, 170, 172, 173, 175, 176, 178, 180, 182, 186, 187, 189, 190, 191, 192, 195, 198, 200]
58	(60.0, 99.2)	[1, 7, 10, 12, 13, 15, 17, 21, 22, 23, 24, 26, 27, 28, 29, 30, 34, 37, 38, 39, 40, 47, 49, 54, 55, 56, 58, 60, 61, 64, 67, 69, 76, 81, 82, 86, 90, 91, 92, 93, 98, 99, 105, 109, 110, 112, 115, 116, 117, 119, 120, 122, 126, 130, 131, 134, 136, 137, 138, 139, 140, 143, 144, 145, 146, 147, 148, 153, 155, 158, 160, 163, 164, 166, 170, 171, 173, 175, 176, 177, 182, 185, 191, 192, 193, 195, 198]
59	(406.4, 200.6)	[7, 8, 9, 10, 14, 16, 18, 19, 21, 23, 25, 28, 29, 37, 38, 40, 41, 42, 44, 45, 46, 47, 49, 50, 54, 55, 62, 63, 64, 66, 68, 71, 73, 74, 79, 81, 83, 84, 86, 88, 93, 98, 101, 102, 106, 108, 109, 111, 112, 113, 116, 117, 121, 122, 123, 124, 127, 129, 130, 139, 141, 143, 145, 150, 151, 152, 155, 162, 164, 165, 166, 167, 168, 169, 171, 172, 175, 176, 183, 187, 188, 189, 191, 193, 194, 197, 198]
60	(374.6, 90.8)	[3, 6, 7, 10, 12, 13, 15, 20, 21, 22, 23, 25, 27, 28, 29, 30, 32, 33, 34, 45, 49, 50, 52, 55, 56, 61, 62, 64, 67, 69, 70, 74, 77, 81, 82, 84, 88, 90, 91, 93, 95, 96, 100, 102, 104, 105, 109, 111, 113, 115, 117, 118, 119, 120, 123, 124, 125, 127, 132, 138, 143, 145, 146, 147, 153, 156, 157, 165, 168, 169, 173, 179, 180, 183, 186, 187, 189, 190, 191, 192, 193, 195]
61	(96.2, 260.0)	[2, 4, 6, 7, 9, 10, 11, 12, 13, 20, 22, 28, 29, 31, 32, 40, 41, 43, 46, 49, 50, 53, 54, 56, 57, 59, 61, 62, 64, 71, 74, 76, 77, 79, 80, 81, 86, 87, 88, 89, 92, 93, 96, 99, 101, 102, 105, 107, 108, 114, 115, 117, 118, 119, 122, 125, 127, 128, 129, 130, 131, 138, 141, 144, 145, 146, 147, 149, 151, 153, 154, 156, 157, 158, 159, 160, 161, 162, 168, 170, 171, 174, 175, 178, 181, 182, 185, 187, 188, 190, 197, 198, 199, 200]
62	(334.6, 27.0)	[2, 3, 5, 6, 10, 15, 17, 20, 22, 23, 24, 25, 29, 30, 32, 33, 34, 35, 36, 37, 38, 39, 41, 44, 48, 49, 50, 51, 55, 59, 60, 61, 65, 67, 69, 71, 73, 74, 75, 76, 78, 80, 85, 88, 91, 92, 93, 95, 98, 100, 101, 104, 105, 106, 107, 108, 111, 113, 114, 116, 117, 118, 122, 123, 125, 131, 132, 135, 136, 137, 142, 144, 145, 147, 148, 153, 156, 157, 163, 167, 168, 170, 172, 175, 176, 178, 179, 182, 185, 186, 187, 188, 192, 193, 195, 196, 197, 198, 199, 200]
63	(340.4, 199.2)	[2, 3, 6, 11, 12, 15, 16, 17, 18, 26, 27, 28, 31, 35, 39, 41, 43, 44, 45, 46, 47, 48, 49, 50, 52, 54, 56, 59, 61, 62, 66, 67, 68, 69, 73, 75, 76, 79, 80, 83, 86, 87, 91, 92, 96, 99, 105, 109, 111, 113, 114, 115, 121, 124, 125, 129, 130, 132, 134, 136, 137, 139, 140, 147, 150, 151, 152, 155, 157, 159, 161, 162, 168, 170, 171, 172, 174, 179, 182, 184, 186, 187, 190, 191, 193, 195, 196, 199, 200]
64	(445.8, 147.0)	[2, 7, 9, 12, 13, 15, 17, 19, 20, 22, 24, 25, 31, 32, 35, 42, 43, 46, 47, 48, 49, 50, 54, 55, 58, 61, 65, 67, 69, 70, 71, 72, 77, 81, 83, 84, 85, 86, 90, 93, 94, 96, 98, 104, 106, 107, 109, 112, 114, 116, 118, 119, 120, 121, 122, 124, 126, 129, 131, 132, 134, 135, 136, 140, 141, 147, 148, 149, 152, 153, 156, 157, 159, 162, 164, 168, 170, 171, 172, 173, 174, 175, 177, 179, 183, 184, 188, 193, 194, 195, 197, 198, 200]
65	(380.8, 201.0)	[2, 4, 6, 7, 11, 12, 13, 15, 16, 17, 19, 20, 22, 24, 27, 28, 31, 39, 40, 42, 44, 45, 46, 47, 48, 49, 51, 52, 53, 55, 57, 58, 62, 63, 64, 66, 67, 68, 69, 73, 76, 77, 79, 83, 85, 87, 92, 93, 94, 95, 97, 100, 104, 107, 110, 111, 112, 113, 115, 120, 121, 122, 128, 129, 132, 138, 143, 144, 147, 148, 154, 157, 159, 163, 166, 167, 168, 169, 172, 174, 175, 182, 183, 190, 191, 193, 194, 196, 198, 200]
66	(398.6, 285.8)	[1, 2, 4, 5, 6, 8, 9, 11, 14, 15, 17, 18, 19, 25, 30, 32, 34, 36, 39, 44, 46, 55, 57, 61, 64, 67, 68, 72, 73, 74, 76, 78, 79, 80, 81, 82, 84, 88, 90, 91, 93, 94, 95, 99, 101, 105, 106, 107, 114, 115, 116, 117, 118, 120, 121, 122, 133, 134, 135, 136, 138, 139, 140, 141, 147, 151, 152, 154, 157, 159, 162, 163, 164, 165, 169, 171, 173, 175, 176, 177, 182, 184, 185, 186, 192, 193, 194, 195, 200]
67	(213.4, 136.0)	[1, 5, 10, 11, 12, 13, 14, 15, 17, 21, 22, 23, 26, 28, 29, 38, 40, 42, 45, 46, 47, 48, 49, 50, 59, 62, 64, 67, 68, 69, 71, 75, 77, 78, 82, 83, 85, 87, 88, 89, 91, 95, 99, 100, 104, 105, 106, 107, 108, 109, 111, 112, 119, 126, 130, 134, 135, 136, 137, 138, 139, 141, 142, 143, 144, 147, 150, 151, 153, 155, 161, 162, 163, 164, 165, 166, 168, 169, 170, 172, 175, 179, 180, 181, 183, 185, 186, 188, 189, 191, 192, 199, 200]
68	(425.0, 73.8)	[1, 2, 3, 13, 14, 17, 19, 20, 21, 22, 24, 25, 27, 29, 31, 33, 35, 39, 41, 43, 48, 54, 55, 56, 58, 60, 68, 69, 72, 77, 79, 80, 82, 83, 85, 86, 88, 91, 93, 94, 95, 99, 100, 103, 108, 110, 113, 115, 119, 121, 122, 124, 125, 126, 128, 134, 135, 136, 137, 138, 148, 150, 152, 154, 155, 159, 160, 163, 164, 165, 166, 168, 170, 171, 173, 174, 175, 176, 177, 182, 183, 187, 191, 194, 196, 197, 198, 199]
69	(349.0, 29.2)	[2, 8, 12, 14, 15, 16, 19, 20, 23, 24, 29, 31, 33, 38, 39, 40, 42, 43, 46, 49, 51, 52, 56, 57, 62, 63, 64, 66, 67, 70, 72, 73, 74, 76, 77, 81, 82, 83, 85, 86, 87, 89, 94, 98, 103, 108, 112, 119, 121, 124, 127, 129, 130, 133, 134, 135, 136, 137, 141, 142, 146, 150, 151, 152, 153, 157, 161, 163, 166, 167, 168, 170, 172, 173, 177, 179, 180, 181, 182, 183, 186, 187, 190, 191, 192, 194, 195, 197, 198]
70	(416.4, 291.8)	[2, 3, 5, 6, 7, 11, 16, 18, 24, 26, 29, 30, 31, 32, 34, 37, 41, 42, 45, 46, 50, 52, 55, 57, 58, 63, 64, 65, 68, 74, 76, 77, 80, 81, 82, 86, 89, 91, 92, 93, 94, 95, 96, 97, 98, 100, 105, 106, 108, 113, 114, 115, 120, 121, 122, 123, 124, 125, 126, 127, 128, 130, 131, 133, 137, 138, 139, 140, 142, 144, 146, 147, 149, 152, 154, 157, 161, 168, 169, 173, 174, 176, 177, 179, 180, 181, 182, 184, 185, 186, 188, 191, 194, 197]
71	(297.0, 472.2)	[3, 4, 13, 14, 15, 17, 20, 21, 22, 25, 28, 30, 32, 33, 35, 37, 43, 46, 47, 48, 50, 51, 52, 53, 55, 60, 61, 62, 64, 66, 70, 72, 73, 76, 84, 86, 88, 90, 93, 94, 95, 97, 100, 105, 106, 111, 115, 116, 119, 121, 122, 123, 124, 130, 136, 137, 138, 139, 140, 142, 143, 144, 147, 151, 153, 154, 157, 161, 164, 165, 167, 172, 173, 183, 190, 191, 192, 193, 195, 199, 200]
72	(450.2, 299.0)	[4, 6, 10, 19, 20, 21, 24, 26, 28, 29, 30, 31, 35, 39, 40, 41, 42, 44, 45, 46, 47, 48, 50, 51, 52, 53, 54, 57, 60, 61, 64, 67, 70, 72, 73, 75, 77, 78, 79, 80, 82, 83, 88, 91, 93, 95, 98, 103, 107, 108, 109, 111, 114, 115, 120, 123, 127, 129, 137, 140, 141, 143, 144, 145, 147, 148, 149, 151, 153, 155, 157, 159, 160, 162, 163, 167, 168, 170, 172, 173, 174, 176, 178, 180, 181, 186, 187, 189, 190, 191, 192, 193, 194, 197]
73	(39.0, 286.6)	[2, 3, 13, 14, 18, 19, 22, 24, 26, 27, 28, 30, 34, 37, 38, 39, 41, 43, 44, 46, 47, 49, 52, 53, 54, 55, 61, 64, 67, 69, 71, 72, 73, 74, 79, 80, 83, 86, 91, 94, 96, 98, 100, 103, 106, 107, 109, 110, 112, 115, 117, 119, 123, 125, 127, 129, 131, 132, 134, 136, 139, 142, 145, 146, 148, 151, 152, 155, 163, 166, 168, 169, 178, 179, 181, 182, 183, 185, 188, 189, 190, 197, 198, 199, 200]
74	(434.6, 67.4)	[1, 2, 3, 4, 7, 8, 9, 10, 15, 21, 23, 25, 26, 30, 32, 34, 37, 39, 40, 41, 44, 46, 50, 53, 55, 56, 57, 65, 66, 70, 71, 72, 73, 75, 77, 81, 84, 85, 87, 89, 90, 94, 95, 98, 99, 102, 105, 106, 113, 114, 115, 116, 118, 121, 122, 123, 127, 130, 132, 133, 134, 136, 137, 138, 140, 144, 147, 150, 151, 155, 156, 158, 159, 161, 162, 164, 168, 170, 173, 175, 177, 179, 181, 184, 185, 186, 187, 188, 191, 192, 193, 197, 200]
75	(290.2, 264.4)	[2, 3, 4, 5, 6, 10, 14, 15, 16, 17, 21, 25, 26, 29, 30, 31, 33, 39, 40, 41, 43, 46, 47, 48, 52, 54, 58, 61, 64, 65, 66, 70, 75, 81, 82, 83, 84, 86, 87, 93, 94, 100, 101, 102, 103, 105, 107, 108, 111, 114, 116, 119, 123, 125, 129, 131, 134, 135, 136, 137, 141, 143, 144, 145, 147, 150, 151, 153, 155, 157, 158, 159, 161, 164, 165, 166, 167, 169, 170, 171, 172, 174, 176, 177, 179, 180, 182, 183, 184, 185, 186, 189, 191, 192, 193, 194, 196, 198, 200]
76	(440.2, 145.0)	[1, 4, 7, 10, 11, 12, 13, 14, 15, 16, 18, 19, 20, 21, 26, 28, 32, 37, 40, 43, 45, 48, 52, 54, 56, 63, 64, 66, 73, 74, 79, 83, 90, 91, 95, 97, 99, 100, 102, 104, 105, 107, 108, 110, 111, 115, 121, 123, 129, 131, 134, 135, 138, 139, 140, 141, 142, 143, 145, 146, 150, 153, 155, 157, 159, 160, 164, 165, 166, 167, 169, 170, 171, 173, 174, 175, 180, 184, 186, 191, 198, 199, 200]
77	(139.0, 162.6)	[3, 6, 9, 10, 12, 13, 17, 20, 21, 23, 24, 25, 27, 32, 33, 34, 36, 37, 40, 45, 47, 48, 49, 50, 54, 58, 60, 63, 64, 67, 68, 72, 75, 76, 77, 80, 82, 84, 88, 91, 92, 94, 96, 97, 98, 101, 105, 106, 107, 108, 110, 115, 116, 120, 123, 124, 126, 127, 130, 131, 132, 134, 136, 138, 140, 142, 144, 149, 152, 154, 156, 160, 162, 163, 164, 165, 169, 171, 173, 174, 178, 179, 182, 185, 188, 190, 194, 195, 196, 197, 198, 199]
78	(180.8, 449.6)	[2, 4, 6, 8, 11, 13, 15, 16, 17, 21, 22, 23, 24, 26, 27, 29, 31, 34, 35, 38, 41, 42, 43, 44, 50, 52, 54, 55, 56, 58, 61, 66, 70, 72, 73, 74, 77, 81, 82, 84, 86, 89, 92, 95, 96, 99, 101, 102, 104, 107, 108, 109, 111, 113, 116, 117, 118, 122, 130, 131, 132, 133, 137, 138, 141, 142, 143, 149, 150, 153, 156, 157, 162, 164, 165, 167, 168, 170, 171, 173, 175, 176, 179, 182, 186, 188, 189, 191, 192, 194, 195, 200]
79	(289.0, 273.8)	[1, 2, 4, 5, 9, 10, 12, 13, 18, 19, 20, 24, 25, 27, 28, 29, 30, 31, 32, 34, 37, 46, 47, 48, 50, 51, 54, 65, 70, 71, 74, 76, 78, 79, 83, 86, 87, 90, 91, 93, 95, 96, 97, 100, 102, 104, 105, 107, 109, 110, 112, 113, 114, 115, 116, 117, 118, 122, 124, 125, 128, 132, 134, 136, 138, 144, 145, 148, 156, 157, 160, 162, 164, 165, 167, 171, 172, 174, 177, 178, 179, 181, 182, 184, 187, 191, 193, 196, 200]
80	(268.6, 251.6)	[1, 6, 12, 13, 14, 16, 19, 20, 21, 22, 24, 25, 27, 31, 32, 35, 43, 50, 52, 53, 54, 60, 61, 63, 64, 65, 67, 68, 72, 73, 74, 75, 82, 84, 85, 91, 92, 95, 96, 100, 102, 103, 104, 105, 106, 107, 108, 109, 110, 112, 118, 119, 121, 122, 133, 135, 140, 143, 146, 147, 148, 149, 150, 152, 153, 154, 155, 158, 159, 166, 168, 170, 173, 176, 178, 181, 185, 186, 187, 189, 191, 194, 196, 197, 198, 199, 200]
81	(48.0, 273.4)	[1, 2, 4, 5, 7, 14, 15, 17, 18, 21, 25, 27, 29, 32, 35, 36, 37, 39, 49, 51, 55, 56, 65, 66, 68, 69, 71, 74, 75, 77, 78, 79, 83, 88, 90, 92, 94, 96, 99, 102, 104, 105, 108, 111, 113, 114, 115, 117, 120, 121, 125, 127, 128, 129, 130, 135, 139, 142, 144, 145, 147, 148, 149, 152, 154, 155, 157, 161, 165, 167, 168, 175, 178, 179, 180, 183, 184, 185, 187, 189, 190, 192, 193, 194, 198, 199]
82	(408.2, 388.8)	[1, 2, 3, 4, 5, 6, 12, 14, 16, 17, 18, 20, 23, 26, 29, 33, 34, 35, 37, 40, 41, 42, 45, 47, 54, 55, 56, 58, 60, 62, 64, 65, 70, 72, 77, 78, 79, 81, 82, 84, 87, 88, 93, 94, 95, 97, 101, 102, 103, 104, 105, 106, 108, 109, 110, 111, 114, 116, 122, 123, 127, 131, 134, 136, 137, 139, 140, 142, 143, 144, 151, 152, 153, 154, 155, 157, 158, 160, 161, 164, 165, 168, 170, 171, 176, 181, 183, 184, 185, 186, 189, 195, 196, 198, 200]
83	(107.8, 213.8)	[3, 4, 6, 8, 11, 13, 14, 15, 16, 18, 21, 26, 27, 31, 32, 34, 37, 38, 39, 42, 46, 51, 55, 56, 58, 59, 60, 63, 65, 66, 67, 68, 70, 73, 74, 75, 77, 80, 83, 84, 85, 87, 89, 91, 92, 93, 97, 98, 99, 100, 101, 102, 105, 106, 107, 114, 116, 118, 120, 125, 129, 130, 132, 137, 143, 144, 146, 147, 148, 150, 151, 152, 156, 159, 161, 163, 165, 167, 168, 169, 171, 175, 176, 178, 181, 184, 185, 186, 187, 190, 193, 194, 198, 199]
84	(418.8, 97.8)	[1, 5, 6, 7, 8, 10, 11, 12, 13, 14, 19, 20, 22, 24, 25, 26, 28, 31, 34, 37, 38, 39, 43, 46, 47, 49, 50, 52, 53, 56, 59, 60, 67, 69, 71, 72, 73, 76, 78, 79, 82, 83, 84, 86, 87, 89, 96, 97, 103, 105, 106, 108, 109, 110, 113, 115, 116, 117, 118, 119, 120, 122, 126, 130, 131, 135, 136, 137, 138, 141, 144, 145, 146, 150, 151, 152, 153, 154, 161, 162, 164, 167, 170, 173, 174, 176, 179, 182, 183, 185, 188, 193, 197, 198, 200]
85	(128.4, 254.4)	[2, 4, 5, 9, 11, 12, 13, 14, 18, 22, 23, 25, 27, 28, 31, 38, 39, 48, 50, 51, 52, 55, 57, 59, 61, 66, 68, 70, 75, 77, 80, 82, 85, 86, 87, 89, 90, 92, 93, 94, 100, 102, 106, 111, 118, 119, 122, 123, 124, 125, 126, 128, 129, 130, 131, 133, 135, 137, 140, 142, 145, 147, 152, 156, 158, 159, 160, 164, 166, 167, 172, 173, 174, 179, 184, 185, 187, 195, 198, 200]
86	(57.8, 324.4)	[2, 3, 4, 5, 9, 13, 14, 15, 18, 22, 28, 30, 31, 33, 34, 36, 37, 38, 39, 40, 42, 43, 45, 46, 47, 48, 49, 51, 52, 54, 58, 59, 62, 65, 70, 71, 72, 78, 80, 81, 83, 98, 99, 101, 105, 107, 110, 116, 118, 119, 121, 122, 124, 125, 128, 130, 131, 132, 133, 134, 136, 137, 141, 144, 145, 147, 152, 155, 156, 157, 158, 160, 161, 168, 169, 170, 173, 175, 176, 179, 180, 182, 185, 187, 189, 190, 191, 192, 194, 199]
87	(443.4, 350.6)	[6, 7, 8, 9, 12, 15, 17, 18, 22, 23, 24, 26, 27, 31, 32, 33, 34, 38, 39, 40, 41, 42, 43, 45, 47, 49, 50, 51, 52, 54, 57, 60, 61, 63, 64, 66, 68, 69, 72, 74, 78, 80, 82, 87, 89, 93, 94, 95, 96, 97, 99, 102, 109, 110, 111, 113, 115, 116, 118, 121, 125, 127, 128, 132, 133, 135, 137, 139, 140, 141, 144, 145, 149, 152, 157, 158, 160, 163, 164, 165, 168, 170, 171, 178, 179, 181, 185, 186, 187, 194, 195, 196, 197, 198, 199]
88	(165.6, 395.8)	[1, 3, 4, 5, 8, 9, 10, 12, 13, 15, 21, 27, 31, 35, 37, 38, 39, 40, 47, 49, 50, 51, 52, 55, 57, 58, 59, 61, 62, 65, 66, 68, 69, 72, 75, 78, 79, 82, 83, 86, 90, 91, 93, 95, 97, 99, 102, 105, 108, 111, 113, 117, 118, 122, 123, 124, 129, 130, 132, 136, 137, 138, 140, 146, 147, 150, 151, 153, 154, 156, 162, 164, 165, 166, 167, 168, 171, 174, 175, 178, 181, 182, 183, 185, 187, 191, 192, 196, 197, 198, 200]
89	(363.6, 434.8)	[2, 4, 5, 7, 9, 10, 13, 15, 18, 19, 20, 21, 26, 27, 29, 31, 33, 36, 39, 40, 41, 43, 45, 46, 47, 49, 53, 54, 55, 57, 58, 59, 61, 62, 63, 68, 71, 74, 76, 77, 82, 85, 86, 90, 91, 93, 96, 97, 99, 101, 111, 113, 115, 118, 123, 125, 126, 127, 130, 132, 133, 138, 139, 141, 143, 144, 149, 150, 153, 154, 155, 160, 161, 162, 165, 167, 171, 175, 177, 178, 189, 190, 191, 192, 194, 195, 199, 200]
90	(26.0, 302.4)	[1, 3, 5, 7, 8, 10, 15, 17, 18, 20, 23, 24, 26, 27, 29, 30, 35, 36, 38, 39, 40, 41, 43, 44, 45, 49, 51, 54, 56, 57, 59, 60, 62, 64, 66, 68, 69, 70, 71, 76, 77, 78, 79, 80, 81, 85, 86, 87, 88, 90, 92, 95, 97, 98, 102, 105, 109, 114, 115, 117, 124, 125, 131, 133, 135, 139, 148, 149, 150, 151, 152, 155, 157, 165, 168, 169, 170, 171, 174, 176, 177, 178, 180, 181, 183, 188, 189, 191, 193, 196, 200]
91	(262.4, 127.4)	[1, 4, 9, 11, 12, 15, 19, 20, 23, 24, 29, 31, 33, 41, 42, 44, 45, 52, 55, 57, 63, 65, 66, 67, 68, 69, 72, 74, 76, 77, 78, 79, 83, 84, 85, 87, 88, 92, 94, 96, 101, 104, 105, 109, 110, 111, 114, 117, 118, 123, 124, 125, 130, 131, 133, 135, 136, 137, 139, 140, 141, 142, 143, 144, 146, 148, 151, 154, 155, 156, 158, 161, 162, 163, 164, 165, 168, 173, 176, 177, 178, 181, 182, 184, 185, 192, 194, 196, 199, 200]
92	(267.8, 228.0)	[5, 7, 10, 12, 14, 17, 20, 22, 25, 26, 27, 29, 31, 35, 36, 37, 39, 40, 41, 42, 43, 44, 45, 46, 49, 50, 51, 52, 53, 56, 57, 62, 63, 67, 68, 69, 71, 74, 80, 83, 85, 86, 88, 93, 98, 101, 102, 103, 105, 107, 108, 109, 110, 111, 113, 115, 116, 117, 118, 122, 125, 129, 134, 135, 138, 139, 144, 146, 147, 149, 150, 151, 152, 153, 154, 155, 158, 160, 163, 165, 167, 168, 170, 171, 173, 176, 178, 179, 183, 187, 189, 190, 192, 193, 194]
93	(125.6, 67.0)	[4, 7, 8, 9, 12, 13, 15, 16, 19, 20, 22, 23, 25, 26, 28, 29, 32, 34, 35, 36, 39, 40, 41, 42, 45, 46, 48, 50, 51, 54, 56, 57, 58, 60, 61, 62, 65, 66, 69, 71, 72, 74, 77, 80, 81, 88, 89, 92, 93, 99, 101, 102, 104, 105, 106, 107, 110, 112, 113, 114, 116, 117, 119, 120, 122, 123, 128, 129, 136, 137, 139, 140, 150, 151, 153, 155, 156, 158, 160, 164, 169, 176, 177, 178, 179, 181, 185, 186, 189, 194, 197]
94	(143.6, 115.4)	[3, 4, 5, 7, 8, 10, 14, 16, 18, 19, 21, 27, 29, 32, 33, 35, 39, 41, 42, 45, 50, 51, 52, 54, 55, 56, 57, 62, 63, 64, 65, 66, 67, 68, 70, 72, 73, 75, 76, 77, 78, 82, 84, 89, 91, 92, 93, 94, 95, 97, 100, 105, 107, 109, 111, 112, 115, 117, 119, 120, 121, 122, 126, 128, 130, 131, 138, 140, 141, 143, 144, 146, 152, 154, 156, 157, 158, 159, 160, 167, 168, 170, 171, 173, 179, 181, 182, 184, 190, 191, 194, 195, 199, 200]
95	(306.6, 188.4)	[2, 3, 5, 6, 7, 9, 11, 12, 17, 21, 22, 26, 27, 29, 30, 31, 35, 40, 41, 42, 43, 46, 48, 49, 52, 62, 66, 70, 71, 72, 73, 77, 78, 80, 81, 84, 85, 89, 90, 96, 97, 98, 100, 102, 103, 108, 109, 110, 112, 113, 116, 117, 118, 120, 122, 129, 130, 132, 135, 138, 140, 141, 144, 145, 146, 149, 152, 153, 154, 155, 158, 160, 165, 171, 176, 177, 179, 180, 183, 185, 192, 193, 194, 196, 197, 199, 200]
96	(218.2, 275.4)	[2, 6, 8, 11, 14, 19, 22, 23, 24, 25, 26, 31, 33, 35, 36, 39, 40, 41, 46, 47, 48, 49, 51, 54, 56, 57, 59, 62, 67, 71, 72, 73, 74, 75, 77, 79, 81, 82, 83, 85, 86, 87, 88, 89, 93, 94, 97, 98, 101, 102, 106, 107, 108, 110, 116, 117, 120, 121, 122, 125, 130, 131, 132, 133, 135, 139, 141, 144, 149, 150, 151, 153, 154, 155, 158, 159, 160, 166, 167, 168, 172, 173, 174, 175, 176, 177, 179, 180, 186, 194, 196, 197, 198, 199, 200]
97	(139.0, 184.6)	[1, 6, 10, 12, 16, 17, 18, 21, 22, 26, 27, 28, 31, 34, 38, 39, 41, 42, 49, 50, 52, 56, 61, 64, 65, 69, 78, 79, 80, 81, 82, 85, 89, 91, 95, 97, 98, 101, 102, 103, 106, 107, 111, 113, 114, 115, 116, 122, 123, 125, 127, 131, 133, 134, 136, 137, 140, 143, 144, 145, 147, 148, 150, 151, 153, 155, 158, 159, 160, 163, 164, 166, 169, 170, 173, 177, 178, 179, 181, 182, 188, 189, 190, 192, 193, 194, 195, 196, 199]
98	(316.2, 28.4)	[1, 2, 5, 6, 9, 12, 13, 14, 16, 21, 22, 25, 27, 29, 32, 35, 40, 41, 43, 46, 47, 48, 49, 50, 54, 55, 56, 60, 62, 66, 67, 69, 70, 73, 74, 75, 78, 80, 81, 85, 91, 94, 97, 99, 104, 106, 107, 109, 110, 111, 114, 118, 119, 122, 123, 124, 125, 128, 129, 133, 134, 136, 137, 138, 140, 142, 143, 144, 145, 147, 148, 150, 152, 154, 156, 158, 161, 164, 165, 170, 171, 172, 175, 179, 180, 181, 182, 185, 186, 187, 188, 190, 191, 192, 200]
99	(417.4, 165.4)	[1, 4, 10, 12, 13, 15, 19, 20, 23, 27, 31, 36, 39, 40, 45, 49, 52, 53, 54, 56, 57, 58, 61, 62, 65, 69, 72, 78, 80, 82, 86, 87, 88, 91, 94, 98, 99, 103, 108, 112, 114, 115, 117, 119, 120, 126, 129, 134, 137, 138, 139, 140, 141, 142, 145, 148, 149, 151, 154, 156, 157, 159, 161, 162, 165, 166, 167, 169, 171, 173, 174, 177, 179, 180, 182, 184, 186, 187, 189, 190, 192, 193, 196, 198, 199]
100	(298.0, 344.4)	[2, 3, 5, 6, 7, 8, 9, 10, 12, 17, 19, 21, 22, 23, 24, 27, 31, 33, 37, 39, 41, 44, 45, 47, 49, 51, 52, 53, 55, 58, 59, 60, 61, 62, 64, 67, 68, 69, 72, 73, 75, 76, 78, 80, 81, 84, 85, 86, 87, 88, 89, 91, 92, 94, 95, 99, 100, 103, 106, 108, 111, 117, 120, 123, 124, 128, 129, 130, 133, 135, 142, 146, 149, 152, 154, 155, 157, 163, 167, 170, 171, 172, 174, 175, 176, 177, 180, 184, 187, 188, 191, 195]
101	(164.6, 401.2)	[1, 4, 7, 8, 11, 12, 13, 14, 15, 18, 19, 20, 23, 24, 26, 27, 32, 36, 38, 39, 40, 42, 43, 44, 52, 58, 71, 72, 73, 75, 78, 79, 80, 82, 83, 86, 87, 88, 91, 93, 95, 98, 103, 104, 110, 112, 113, 114, 116, 119, 121, 125, 127, 129, 130, 132, 137, 138, 141, 144, 147, 149, 151, 153, 155, 157, 159, 160, 161, 162, 166, 168, 169, 171, 172, 175, 178, 179, 181, 182, 183, 184, 186, 189, 190, 191, 193, 194, 195, 196, 197]
102	(409.4, 358.4)	[4, 5, 8, 11, 12, 15, 24, 25, 31, 33, 35, 36, 38, 40, 42, 43, 44, 49, 51, 52, 55, 57, 61, 62, 65, 66, 69, 71, 74, 76, 77, 78, 81, 83, 84, 89, 92, 94, 99, 100, 101, 103, 105, 108, 117, 118, 119, 120, 121, 125, 128, 130, 134, 137, 139, 141, 143, 149, 150, 152, 154, 156, 157, 163, 166, 168, 170, 178, 179, 180, 182, 184, 187, 188, 192, 193, 194, 196, 200]
103	(137.0, 125.0)	[1, 2, 3, 4, 9, 11, 14, 20, 28, 29, 31, 32, 33, 35, 39, 40, 41, 45, 46, 50, 51, 58, 65, 66, 70, 71, 74, 75, 76, 77, 79, 80, 86, 87, 88, 89, 90, 91, 93, 94, 95, 96, 97, 98, 100, 101, 104, 105, 108, 109, 111, 114, 117, 121, 123, 126, 127, 129, 132, 133, 135, 138, 141, 142, 145, 149, 151, 152, 154, 157, 158, 160, 161, 162, 163, 170, 173, 175, 182, 184, 185, 186, 190, 192, 193, 194, 196, 197, 198, 199, 200]
104	(108.0, 26.4)	[2, 3, 5, 6, 9, 14, 17, 18, 20, 21, 22, 25, 26, 28, 32, 34, 35, 36, 38, 39, 40, 42, 48, 51, 53, 54, 58, 60, 66, 68, 69, 71, 74, 77, 79, 86, 87, 96, 97, 100, 102, 103, 104, 105, 106, 108, 109, 111, 112, 115, 116, 117, 120, 121, 125, 126, 128, 130, 133, 134, 138, 142, 143, 144, 146, 147, 149, 152, 156, 159, 162, 167, 168, 169, 170, 172, 173, 174, 175, 177, 179, 180, 181, 182, 183, 184, 194, 199]
105	(200.2, 34.2)	[2, 3, 7, 9, 10, 11, 12, 13, 20, 22, 23, 24, 25, 26, 28, 30, 31, 32, 35, 39, 40, 46, 47, 48, 49, 52, 53, 54, 58, 63, 66, 72, 73, 75, 76, 77, 79, 80, 82, 83, 89, 91, 94, 95, 101, 102, 103, 106, 107, 111, 112, 113, 117, 118, 125, 127, 128, 129, 131, 132, 134, 136, 138, 142, 144, 146, 149, 151, 152, 153, 155, 160, 161, 162, 165, 167, 170, 173, 176, 177, 178, 179, 180, 182, 185, 186, 188, 189, 193, 194, 196, 197, 200]
106	(109.8, 59.2)	[2, 5, 6, 10, 13, 19, 22, 24, 25, 26, 27, 29, 33, 34, 35, 36, 37, 41, 42, 46, 47, 49, 62, 63, 64, 65, 66, 69, 70, 74, 75, 76, 79, 80, 83, 84, 85, 86, 87, 88, 94, 95, 99, 100, 101, 103, 107, 108, 110, 112, 114, 118, 120, 121, 125, 126, 127, 130, 132, 133, 134, 137, 142, 143, 144, 146, 148, 152, 154, 159, 163, 165, 167, 170, 173, 174, 175, 176, 179, 180, 181, 185, 187, 188, 190, 192, 194, 196, 197, 200]
107	(228.8, 453.2)	[2, 3, 5, 6, 7, 8, 9, 13, 14, 17, 18, 19, 23, 25, 27, 29, 30, 31, 32, 35, 36, 37, 41, 42, 43, 46, 47, 49, 53, 56, 58, 59, 60, 62, 63, 64, 65, 66, 67, 76, 78, 82, 86, 88, 89, 90, 96, 100, 101, 103, 107, 108, 118, 120, 121, 127, 129, 130, 131, 132, 134, 137, 138, 141, 151, 152, 154, 158, 159, 160, 164, 165, 166, 167, 169, 173, 174, 175, 176, 179, 180, 182, 184, 186, 187, 194, 195, 199]
108	(405.4, 222.2)	[1, 2, 4, 6, 8, 15, 16, 19, 20, 21, 22, 24, 26, 27, 34, 35, 36, 37, 39, 40, 43, 44, 47, 51, 54, 56, 61, 63, 67, 68, 72, 75, 79, 80, 82, 87, 88, 90, 91, 95, 98, 99, 102, 103, 105, 108, 111, 113, 115, 118, 122, 124, 125, 126, 127, 129, 131, 132, 136, 138, 139, 142, 143, 144, 145, 147, 149, 150, 155, 156, 157, 158, 159, 161, 163, 167, 168, 173, 174, 176, 177, 180, 181, 182, 183, 187, 189, 190, 192, 194, 195, 199]
109	(342.8, 355.2)	[2, 5, 6, 8, 10, 11, 15, 16, 17, 18, 19, 20, 23, 24, 26, 32, 33, 35, 36, 37, 38, 41, 42, 43, 44, 46, 48, 49, 50, 55, 58, 59, 61, 67, 68, 73, 74, 78, 80, 82, 83, 85, 87, 88, 90, 91, 93, 94, 98, 108, 110, 111, 114, 115, 118, 121, 127, 128, 129, 130, 134, 135, 142, 143, 144, 148, 150, 152, 153, 157, 158, 159, 169, 171, 176, 177, 178, 181, 183, 185, 187, 190, 194, 196, 198]
110	(385.8, 294.0)	[1, 5, 6, 8, 12, 14, 16, 18, 19, 21, 22, 24, 25, 27, 30, 32, 33, 37, 40, 41, 42, 43, 50, 54, 55, 57, 58, 59, 62, 66, 67, 69, 71, 72, 74, 85, 94, 95, 96, 100, 101, 104, 105, 106, 107, 109, 110, 111, 113, 114, 118, 120, 122, 127, 130, 132, 133, 136, 137, 139, 141, 143, 146, 149, 151, 152, 155, 158, 161, 162, 164, 165, 167, 169, 175, 179, 184, 185, 187, 193, 194, 195, 198, 199]
111	(76.6, 88.0)	[3, 6, 7, 9, 10, 11, 13, 14, 15, 16, 17, 19, 20, 24, 25, 27, 29, 30, 31, 32, 33, 34, 38, 42, 43, 46, 47, 48, 51, 54, 55, 57, 59, 64, 65, 66, 67, 68, 71, 72, 73, 78, 80, 85, 89, 90, 93, 95, 96, 98, 99, 101, 102, 103, 104, 107, 108, 109, 113, 115, 119, 120, 121, 122, 123, 124, 125, 128, 129, 131, 135, 139, 144, 146, 148, 153, 155, 159, 164, 167, 169, 173, 176, 178, 179, 180, 182, 185, 186, 187, 189, 190, 191, 192, 197, 199]
112	(432.6, 288.0)	[2, 3, 8, 9, 10, 11, 13, 14, 17, 22, 23, 24, 28, 30, 31, 34, 38, 42, 49, 52, 57, 60, 61, 62, 64, 65, 67, 69, 71, 72, 75, 79, 87, 90, 91, 92, 94, 95, 96, 97, 98, 100, 103, 104, 105, 107, 108, 109, 111, 114, 117, 119, 122, 123, 125, 126, 131, 133, 135, 136, 137, 145, 147, 148, 150, 151, 155, 156, 158, 160, 162, 164, 167, 171, 175, 179, 183, 188, 191, 192, 194, 196, 198, 199]
113	(94.4, 409.6)	[1, 9, 11, 12, 19, 20, 21, 22, 24, 26, 28, 33, 40, 41, 42, 44, 45, 47, 51, 52, 58, 59, 63, 66, 67, 69, 71, 73, 74, 75, 76, 77, 78, 79, 80, 85, 87, 88, 89, 90, 92, 93, 96, 97, 100, 101, 102, 103, 104, 105, 106, 108, 109, 110, 111, 115, 117, 118, 119, 124, 126, 130, 131, 136, 137, 143, 145, 146, 147, 148, 150, 151, 155, 159, 161, 162, 166, 167, 170, 172, 173, 174, 180, 181, 184, 185, 186, 187, 195, 196, 197]
114	(66.6, 258.4)	[1, 2, 4, 5, 9, 12, 14, 16, 18, 20, 22, 23, 25, 27, 31, 33, 34, 38, 40, 43, 46, 47, 48, 51, 54, 55, 59, 60, 63, 65, 67, 69, 71, 73, 74, 80, 81, 84, 86, 87, 88, 90, 93, 99, 100, 101, 103, 104, 106, 107, 109, 116, 117, 119, 120, 121, 122, 124, 127, 129, 135, 139, 141, 142, 145, 146, 149, 152, 153, 154, 156, 159, 162, 164, 165, 170, 172, 178, 179, 180, 181, 187, 188, 189, 191, 193, 195, 197, 199, 200]
115	(184.6, 199.4)	[1, 2, 3, 5, 6, 8, 11, 12, 13, 17, 22, 28, 30, 32, 34, 35, 36, 37, 40, 43, 45, 48, 49, 52, 54, 55, 58, 59, 60, 61, 63, 64, 65, 76, 78, 81, 82, 83, 84, 87, 88, 89, 92, 94, 97, 99, 100, 102, 105, 108, 113, 114, 115, 116, 120, 125, 127, 128, 140, 143, 145, 148, 149, 150, 153, 154, 155, 157, 162, 168, 172, 173, 174, 176, 177, 178, 179, 182, 183, 185, 186, 188, 190, 191, 192, 193, 194, 196, 200]
116	(167.0, 162.2)	[2, 7, 8, 11, 15, 18, 19, 21, 28, 29, 30, 31, 33, 37, 39, 41, 48, 50, 51, 56, 59, 60, 62, 67, 68, 69, 70, 71, 72, 73, 75, 79, 80, 81, 83, 84, 87, 88, 91, 92, 94, 99, 103, 104, 106, 108, 110, 114, 116, 118, 123, 127, 129, 137, 140, 141, 143, 144, 146, 148, 151, 152, 153, 154, 156, 157, 160, 164, 167, 173, 174, 176, 177, 179, 180, 182, 186, 188, 190, 193, 196, 198, 199]
117	(387.4, 464.6)	[4, 5, 6, 7, 8, 9, 10, 13, 15, 17, 19, 20, 22, 26, 33, 35, 36, 37, 40, 43, 46, 47, 48, 49, 53, 55, 60, 63, 65, 67, 74, 75, 78, 81, 85, 86, 88, 89, 90, 92, 98, 100, 105, 106, 108, 109, 110, 111, 113, 115, 117, 118, 121, 122, 125, 126, 127, 128, 129, 134, 135, 136, 143, 145, 147, 148, 149, 151, 153, 156, 158, 162, 164, 167, 168, 171, 178, 179, 180, 181, 182, 183, 184, 185, 186, 187, 192, 193, 196, 197]
118	(458.8, 265.0)	[2, 3, 5, 6, 8, 14, 16, 18, 20, 24, 27, 28, 29, 30, 32, 34, 39, 40, 41, 42, 45, 47, 51, 63, 64, 65, 67, 68, 70, 74, 75, 79, 83, 84, 87, 88, 91, 92, 96, 98, 99, 100, 101, 103, 106, 107, 109, 111, 114, 115, 119, 120, 122, 124, 125, 127, 128, 131, 132, 135, 136, 137, 140, 147, 148, 150, 151, 153, 155, 156, 158, 159, 161, 166, 169, 172, 173, 174, 176, 177, 178, 179, 180, 185, 186, 187, 188, 190, 192, 199, 200]
119	(56.2, 194.4)	[4, 5, 8, 10, 14, 15, 19, 20, 21, 23, 25, 28, 31, 35, 36, 37, 39, 40, 41, 43, 45, 46, 49, 50, 52, 56, 57, 59, 60, 62, 64, 65, 67, 71, 72, 74, 75, 79, 81, 86, 88, 91, 92, 93, 95, 96, 102, 103, 107, 109, 112, 113, 114, 115, 116, 117, 118, 120, 122, 126, 127, 128, 129, 134, 140, 142, 144, 146, 149, 150, 152, 153, 155, 158, 159, 160, 166, 168, 171, 174, 175, 176, 178, 184, 186, 192, 194, 197]
120	(396.4, 121.0)	[1, 2, 4, 5, 8, 9, 10, 11, 12, 15, 17, 18, 19, 20, 25, 26, 27, 31, 33, 34, 36, 37, 38, 44, 46, 47, 48, 51, 55, 56, 58, 59, 60, 63, 64, 65, 66, 68, 70, 71, 72, 83, 85, 86, 89, 91, 92, 93, 95, 96, 97, 102, 104, 106, 107, 108, 109, 115, 117, 118, 119, 121, 123, 126, 127, 128, 131, 136, 137, 138, 139, 141, 149, 150, 151, 152, 153, 154, 156, 158, 160, 161, 165, 172, 173, 176, 178, 181, 182, 183, 184, 186, 188, 192, 196, 197, 198, 200]
121	(343.0, 411.6)	[1, 2, 3, 4, 5, 7, 11, 13, 14, 19, 24, 26, 27, 28, 29, 33, 34, 36, 38, 39, 40, 43, 44, 47, 52, 57, 59, 60, 61, 65, 70, 73, 76, 77, 81, 82, 84, 85, 87, 89, 90, 92, 93, 94, 95, 101, 103, 104, 105, 112, 113, 116, 117, 119, 122, 124, 125, 129, 136, 139, 140, 142, 143, 144, 145, 148, 152, 155, 160, 161, 162, 165, 167, 169, 170, 171, 172, 177, 178, 180, 181, 186, 189, 191, 192, 193, 196, 197, 198]
122	(58.0, 438.2)	[1, 2, 3, 6, 7, 9, 10, 14, 18, 22, 24, 27, 28, 34, 39, 40, 46, 47, 54, 55, 56, 59, 60, 64, 66, 67, 72, 74, 75, 81, 82, 86, 87, 88, 90, 92, 93, 94, 98, 101, 103, 109, 112, 113, 114, 120, 121, 122, 124, 127, 130, 131, 132, 134, 136, 137, 138, 139, 143, 144, 145, 152, 154, 155, 156, 157, 158, 165, 167, 169, 171, 173, 174, 177, 178, 180, 185, 190, 192, 194, 195, 196, 197, 198, 199, 200]
123	(268.6, 81.0)	[2, 7, 8, 12, 13, 16, 20, 21, 22, 25, 26, 28, 30, 32, 35, 39, 40, 41, 44, 46, 47, 50, 51, 54, 56, 58, 59, 61, 62, 65, 68, 71, 72, 77, 78, 80, 82, 92, 95, 96, 97, 98, 100, 101, 102, 103, 104, 105, 109, 111, 112, 113, 114, 118, 119, 120, 121, 125, 127, 132, 133, 134, 135, 140, 141, 142, 143, 144, 146, 148, 150, 152, 155, 156, 157, 158, 165, 168, 172, 175, 177, 180, 181, 187, 189, 192, 193, 195, 198]
124	(361.4, 255.4)	[1, 4, 7, 10, 14, 18, 19, 20, 23, 31, 32, 33, 34, 35, 37, 38, 40, 44, 47, 48, 49, 50, 56, 57, 58, 60, 65, 66, 68, 69, 72, 76, 79, 80, 83, 84, 88, 91, 93, 94, 96, 99, 100, 103, 105, 106, 108, 110, 111, 113, 116, 122, 123, 124, 128, 131, 132, 134, 136, 138, 142, 147, 148, 149, 150, 152, 154, 158, 159, 160, 164, 166, 170, 172, 174, 178, 179, 181, 182, 184, 186, 191, 192, 193, 195, 196, 199]
125	(183.8, 353.8)	[2, 3, 4, 9, 11, 12, 13, 15, 16, 17, 20, 21, 22, 24, 26, 29, 30, 31, 32, 39, 41, 43, 45, 47, 51, 53, 55, 56, 58, 59, 63, 66, 69, 75, 76, 77, 78, 79, 80, 82, 83, 84, 86, 88, 91, 92, 93, 94, 99, 101, 103, 106, 107, 108, 115, 120, 122, 123, 128, 129, 130, 131, 132, 134, 135, 136, 137, 139, 143, 145, 147, 150, 152, 155, 158, 162, 163, 164, 168, 169, 172, 175, 176, 178, 181, 182, 185, 189, 193, 195, 196, 198, 199]
126	(415.6, 393.0)	[2, 4, 5, 6, 11, 12, 13, 15, 17, 18, 20, 21, 23, 24, 28, 30, 33, 34, 35, 36, 37, 38, 43, 46, 47, 49, 51, 53, 54, 57, 58, 59, 61, 63, 64, 67, 70, 71, 75, 76, 81, 85, 87, 95, 97, 98, 100, 104, 110, 113, 114, 117, 118, 119, 121, 125, 126, 128, 129, 131, 132, 133, 134, 135, 142, 147, 151, 152, 154, 155, 160, 161, 167, 168, 173, 174, 175, 179, 181, 184, 185, 186, 187, 188, 192, 193, 197, 198, 199, 200]
127	(258.6, 398.0)	[1, 9, 10, 12, 13, 14, 15, 19, 23, 24, 25, 26, 27, 31, 32, 36, 40, 45, 48, 50, 52, 53, 54, 55, 57, 58, 59, 61, 62, 63, 67, 68, 70, 71, 73, 74, 77, 81, 83, 87, 89, 91, 94, 95, 96, 97, 99, 107, 108, 111, 113, 114, 115, 121, 122, 125, 126, 127, 129, 130, 134, 138, 139, 140, 141, 143, 146, 147, 150, 153, 157, 159, 160, 162, 166, 168, 169, 171, 172, 174, 175, 176, 178, 183, 186, 188, 189, 190, 194, 195, 196, 198, 199]
128	(241.8, 378.8)	[4, 6, 9, 11, 12, 13, 14, 16, 17, 20, 23, 25, 26, 27, 29, 33, 35, 36, 37, 42, 43, 49, 52, 54, 56, 59, 61, 63, 67, 69, 70, 72, 73, 75, 78, 79, 81, 82, 84, 86, 93, 94, 96, 97, 99, 101, 106, 109, 112, 118, 120, 121, 127, 130, 131, 136, 140, 141, 144, 148, 149, 153, 155, 156, 157, 159, 160, 163, 164, 166, 167, 170, 171, 172, 174, 176, 177, 178, 179, 182, 183, 184, 186, 187, 189, 191, 193, 194, 196, 198, 199]
129	(445.4, 361.0)	[1, 4, 5, 6, 9, 13, 17, 19, 20, 21, 23, 24, 25, 28, 31, 34, 35, 39, 41, 42, 45, 47, 48, 49, 51, 52, 53, 55, 60, 67, 68, 72, 73, 76, 77, 79, 80, 81, 82, 85, 92, 93, 94, 95, 100, 101, 102, 103, 104, 105, 107, 109, 110, 113, 115, 118, 119, 123, 130, 131, 132, 133, 134, 138, 141, 142, 144, 148, 150, 156, 158, 161, 163, 165, 168, 170, 172, 173, 180, 186, 187, 188, 189, 190, 191, 193, 194, 195, 199]
130	(340.0, 263.0)	[3, 4, 8, 11, 12, 13, 14, 18, 19, 23, 24, 26, 27, 33, 37, 38, 39, 40, 42, 45, 46, 51, 60, 61, 63, 64, 68, 69, 70, 73, 75, 76, 79, 81, 85, 89, 91, 92, 94, 95, 96, 99, 100, 101, 102, 103, 104, 105, 110, 111, 115, 118, 119, 122, 123, 125, 127, 130, 131, 135, 140, 144, 146, 149, 151, 152, 153, 154, 155, 156, 158, 159, 162, 163, 164, 165, 168, 169, 170, 172, 176, 177, 183, 184, 185, 186, 188, 190, 192, 193, 199]
131	(200.2, 306.4)	[5, 7, 9, 10, 11, 13, 15, 20, 21, 23, 24, 25, 27, 30, 31, 32, 33, 34, 37, 42, 45, 46, 48, 49, 52, 53, 55, 56, 58, 62, 68, 69, 71, 76, 78, 80, 81, 83, 85, 86, 90, 91, 95, 97, 98, 101, 103, 104, 106, 108, 110, 112, 116, 117, 118, 122, 125, 126, 127, 131, 132, 134, 140, 143, 144, 145, 148, 152, 155, 157, 158, 159, 163, 164, 171, 173, 174, 176, 177, 179, 182, 183, 184, 185, 189, 192, 195, 196, 198, 200]
132	(72.4, 101.8)	[4, 5, 7, 10, 11, 13, 15, 16, 17, 20, 21, 23, 25, 27, 29, 31, 34, 35, 38, 39, 43, 44, 45, 46, 48, 56, 59, 61, 64, 65, 66, 74, 75, 78, 79, 81, 85, 86, 87, 90, 92, 93, 100, 102, 103, 108, 110, 111, 114, 117, 118, 119, 120, 121, 123, 125, 126, 130, 131, 132, 138, 139, 145, 146, 147, 149, 150, 151, 152, 153, 154, 156, 160, 162, 164, 166, 168, 169, 170, 175, 176, 177, 178, 180, 183, 186, 189, 194, 196, 197]
133	(177.4, 80.4)	[3, 4, 8, 11, 12, 13, 16, 18, 24, 32, 36, 37, 38, 39, 40, 44, 45, 49, 50, 53, 56, 66, 67, 68, 69, 79, 81, 84, 85, 86, 88, 94, 96, 98, 99, 101, 103, 105, 106, 109, 113, 114, 116, 117, 118, 119, 120, 122, 123, 126, 127, 128, 130, 131, 133, 134, 137, 140, 143, 146, 148, 150, 155, 156, 157, 158, 160, 161, 162, 163, 166, 173, 174, 175, 176, 178, 179, 181, 182, 183, 184, 185, 186, 191, 193, 196, 197]
134	(288.2, 330.8)	[1, 3, 5, 6, 9, 11, 13, 14, 15, 17, 18, 20, 21, 22, 23, 26, 27, 29, 30, 35, 36, 40, 41, 43, 46, 47, 48, 49, 52, 57, 62, 64, 65, 66, 70, 73, 80, 85, 87, 88, 91, 93, 94, 95, 97, 99, 102, 104, 108, 109, 110, 111, 112, 113, 115, 116, 117, 118, 119, 120, 126, 127, 128, 129, 131, 132, 133, 136, 138, 140, 145, 147, 150, 155, 156, 157, 168, 170, 171, 181, 190, 193, 194, 197, 198, 199]
135	(201.4, 386.6)	[1, 2, 8, 10, 11, 19, 20, 24, 25, 27, 28, 30, 32, 33, 35, 36, 37, 39, 43, 44, 45, 47, 50, 51, 53, 55, 56, 62, 63, 65, 66, 68, 72, 74, 76, 77, 80, 81, 85, 87, 89, 91, 92, 93, 95, 99, 100, 101, 102, 109, 112, 113, 117, 119, 122, 124, 127, 131, 135, 139, 140, 143, 144, 145, 147, 153, 154, 155, 157, 161, 162, 167, 169, 170, 174, 175, 181, 183, 186, 188, 189, 192, 197, 198, 199, 200]
136	(57.8, 356.4)	[2, 6, 9, 10, 12, 17, 18, 19, 20, 21, 25, 27, 29, 30, 31, 36, 37, 46, 52, 53, 57, 58, 59, 60, 68, 72, 74, 75, 79, 80, 82, 83, 84, 85, 89, 91, 93, 96, 97, 106, 108, 109, 111, 113, 116, 117, 118, 119, 120, 121, 122, 124, 126, 127, 129, 132, 134, 135, 137, 138, 142, 145, 148, 150, 151, 156, 157, 158, 160, 162, 164, 168, 169, 171, 172, 174, 175, 177, 178, 179, 183, 185, 188, 189, 198, 200]
137	(197.0, 330.2)	[2, 3, 5, 6, 8, 9, 10, 11, 13, 15, 16, 18, 19, 25, 28, 31, 33, 35, 37, 38, 39, 45, 47, 48, 53, 54, 55, 56, 57, 60, 62, 64, 65, 67, 68, 72, 74, 76, 77, 79, 86, 87, 88, 89, 92, 93, 94, 96, 100, 101, 102, 104, 106, 110, 111, 114, 121, 122, 126, 128, 129, 132, 136, 139, 140, 141, 142, 143, 144, 149, 153, 154, 156, 157, 158, 160, 161, 163, 166, 167, 173, 174, 175, 177, 182, 185, 188, 192, 195, 198, 199, 200]
138	(260.2, 338.2)	[4, 5, 7, 9, 14, 15, 16, 18, 21, 22, 23, 28, 29, 31, 35, 36, 38, 39, 43, 44, 49, 54, 55, 56, 59, 60, 62, 64, 65, 66, 72, 74, 79, 80, 82, 85, 87, 88, 89, 91, 92, 97, 99, 100, 101, 104, 105, 106, 109, 116, 118, 119, 120, 124, 125, 126, 128, 132, 134, 135, 138, 140, 142, 143, 144, 147, 153, 154, 155, 156, 157, 158, 159, 161, 162, 163, 170, 174, 177, 180, 181, 183, 185, 188, 191, 193, 194, 199, 200]
139	(406.6, 62.6)	[1, 5, 7, 10, 15, 17, 18, 20, 21, 23, 24, 26, 28, 29, 30, 31, 33, 34, 35, 39, 40, 44, 46, 51, 52, 54, 57, 60, 62, 65, 68, 69, 70, 73, 79, 80, 81, 83, 88, 90, 92, 93, 94, 96, 97, 98, 100, 102, 103, 104, 107, 108, 113, 116, 118, 119, 120, 121, 125, 127, 129, 131, 135, 137, 139, 143, 144, 145, 148, 153, 155, 157, 158, 160, 161, 163, 164, 165, 166, 167, 172, 182, 188, 189, 192, 195, 196, 197, 198, 199]
140	(366.6, 30.4)	[3, 4, 9, 12, 13, 16, 24, 25, 27, 29, 31, 33, 34, 37, 38, 39, 43, 44, 46, 47, 50, 52, 53, 54, 56, 57, 58, 61, 63, 65, 72, 74, 76, 77, 78, 80, 81, 82, 84, 89, 91, 92, 95, 96, 98, 99, 101, 106, 107, 112, 114, 118, 119, 120, 124, 127, 133, 134, 137, 138, 139, 145, 147, 148, 150, 151, 152, 153, 154, 155, 158, 159, 160, 164, 168, 173, 179, 181, 184, 186, 189, 190, 191, 194, 198, 199]
141	(203.6, 227.6)	[2, 3, 4, 6, 7, 8, 9, 12, 18, 19, 21, 24, 26, 27, 29, 35, 37, 40, 42, 43, 47, 48, 50, 51, 52, 58, 59, 60, 66, 67, 68, 70, 71, 76, 78, 79, 81, 82, 83, 87, 90, 92, 93, 94, 95, 97, 102, 104, 106, 109, 110, 114, 121, 126, 128, 129, 130, 134, 136, 137, 139, 142, 145, 148, 153, 158, 159, 162, 163, 166, 171, 173, 174, 176, 177, 181, 187, 188, 190, 191, 192, 193, 195, 196, 198, 199, 200]
142	(340.8, 209.8)	[1, 2, 3, 5, 6, 7, 9, 12, 18, 19, 22, 23, 28, 30, 33, 35, 37, 38, 40, 44, 45, 47, 51, 55, 56, 61, 63, 68, 76, 79, 80, 85, 86, 88, 90, 91, 92, 93, 94, 95, 99, 101, 102, 104, 105, 106, 108, 112, 113, 114, 116, 117, 118, 119, 120, 127, 128, 131, 132, 133, 134, 136, 137, 142, 144, 145, 146, 148, 150, 151, 155, 161, 163, 164, 165, 169, 170, 171, 173, 174, 175, 176, 177, 178, 181, 185, 187, 189, 190, 194, 195, 198]
143	(389.6, 327.2)	[2, 4, 7, 10, 14, 18, 19, 23, 25, 27, 28, 30, 31, 32, 34, 36, 37, 39, 40, 42, 45, 46, 47, 52, 55, 57, 59, 60, 61, 62, 66, 69, 70, 71, 74, 75, 76, 77, 79, 80, 82, 84, 85, 86, 90, 91, 92, 101, 102, 104, 107, 111, 115, 118, 121, 122, 125, 127, 131, 134, 135, 139, 140, 142, 144, 145, 146, 148, 154, 155, 157, 159, 160, 162, 164, 165, 166, 168, 170, 171, 172, 173, 174, 176, 178, 179, 184, 185, 188, 192, 193, 196, 197, 199]
144	(388.0, 308.6)	[1, 3, 4, 7, 8, 10, 11, 13, 16, 17, 18, 22, 23, 26, 29, 32, 34, 38, 39, 40, 41, 43, 46, 47, 48, 50, 51, 52, 53, 54, 58, 60, 61, 62, 66, 67, 69, 70, 73, 74, 75, 77, 78, 80, 87, 88, 91, 92, 93, 95, 97, 98, 99, 100, 101, 102, 103, 107, 108, 109, 110, 111, 112, 114, 115, 116, 125, 129, 135, 136, 137, 138, 142, 148, 151, 152, 154, 155, 156, 163, 164, 165, 166, 177, 179, 183, 189, 191, 194, 196]
145	(248.6, 255.0)	[4, 6, 10, 16, 19, 22, 23, 26, 28, 29, 30, 32, 39, 40, 41, 42, 43, 44, 45, 46, 51, 52, 54, 55, 57, 61, 62, 63, 65, 66, 67, 68, 72, 76, 77, 81, 83, 84, 86, 90, 91, 92, 96, 98, 101, 105, 108, 110, 111, 120, 123, 127, 130, 133, 135, 137, 141, 142, 143, 145, 146, 150, 151, 152, 156, 157, 158, 159, 160, 161, 162, 164, 165, 172, 173, 174, 178, 181, 185, 186, 188, 192, 193, 198, 200]
146	(81.6, 43.8)	[1, 3, 4, 5, 6, 9, 11, 13, 14, 15, 16, 17, 20, 21, 24, 26, 27, 29, 30, 33, 35, 36, 39, 40, 41, 44, 47, 51, 53, 56, 58, 59, 63, 66, 69, 71, 75, 76, 78, 79, 81, 82, 87, 88, 89, 93, 94, 96, 98, 99, 100, 103, 110, 111, 113, 117, 119, 120, 124, 126, 127, 128, 129, 131, 138, 143, 145, 147, 153, 155, 158, 159, 164, 165, 167, 168, 169, 170, 172, 174, 176, 179, 180, 181, 183, 184, 185, 186, 193, 195, 196, 199]
147	(252.4, 466.6)	[1, 4, 6, 8, 9, 12, 13, 15, 16, 18, 21, 22, 24, 27, 28, 29, 33, 34, 35, 36, 39, 41, 42, 43, 46, 50, 55, 59, 61, 64, 67, 68, 70, 73, 74, 79, 80, 81, 83, 86, 88, 89, 90, 91, 92, 95, 96, 99, 103, 106, 110, 115, 118, 122, 125, 126, 129, 132, 133, 136, 137, 139, 140, 142, 145, 148, 149, 150, 152, 155, 156, 158, 160, 168, 170, 173, 176, 177, 178, 180, 181, 184, 185, 186, 188, 191, 195, 197, 199]
148	(201.8, 133.2)	[2, 9, 10, 12, 14, 15, 16, 18, 19, 22, 25, 26, 28, 29, 30, 32, 33, 34, 38, 40, 42, 45, 46, 48, 50, 51, 52, 54, 55, 57, 59, 66, 67, 68, 69, 70, 71, 72, 74, 78, 83, 84, 85, 86, 90, 91, 92, 93, 94, 95, 96, 110, 111, 114, 117, 121, 123, 126, 129, 131, 132, 133, 135, 136, 139, 140, 141, 142, 143, 144, 149, 155, 157, 160, 161, 164, 165, 167, 168, 171, 172, 174, 175, 180, 182, 186, 188, 189, 192, 193, 195, 196, 198, 200]
149	(411.0, 147.8)	[3, 6, 9, 10, 11, 12, 13, 15, 16, 20, 22, 23, 24, 27, 31, 33, 34, 35, 36, 37, 38, 39, 40, 46, 47, 50, 52, 53, 54, 57, 58, 59, 63, 67, 72, 73, 78, 79, 80, 82, 83, 85, 86, 89, 90, 91, 94, 95, 101, 106, 109, 114, 120, 121, 123, 125, 127, 129, 132, 134, 136, 138, 139, 142, 143, 145, 149, 155, 156, 158, 161, 162, 165, 170, 173, 174, 176, 179, 185, 190, 191, 192, 193, 195, 196, 199, 200]
150	(81.6, 456.2)	[1, 2, 4, 5, 9, 14, 16, 18, 19, 21, 26, 28, 30, 31, 34, 35, 37, 42, 46, 48, 49, 58, 60, 61, 63, 64, 72, 73, 74, 81, 83, 84, 85, 87, 88, 90, 92, 96, 98, 99, 100, 101, 102, 103, 106, 107, 108, 110, 119, 126, 128, 132, 133, 138, 139, 141, 145, 146, 149, 151, 152, 153, 154, 155, 156, 158, 161, 163, 169, 170, 172, 174, 177, 180, 181, 182, 183, 184, 185, 188, 189, 191, 194, 196, 198]
151	(94.6, 453.8)	[3, 5, 8, 10, 11, 12, 13, 16, 17, 18, 20, 25, 27, 28, 32, 34, 39, 42, 44, 51, 55, 56, 58, 59, 64, 65, 68, 72, 74, 75, 77, 80, 83, 84, 85, 92, 94, 98, 101, 102, 103, 105, 106, 107, 108, 110, 114, 116, 117, 119, 122, 124, 126, 133, 137, 140, 143, 150, 151, 152, 154, 156, 157, 158, 159, 161, 163, 164, 165, 166, 168, 169, 171, 172, 174, 181, 183, 184, 187, 190, 192, 195, 197, 199, 200]
152	(177.8, 433.4)	[1, 2, 3, 11, 12, 13, 15, 16, 19, 20, 23, 26, 27, 29, 30, 31, 34, 35, 36, 37, 38, 39, 40, 41, 43, 49, 50, 52, 53, 55, 56, 57, 60, 62, 64, 65, 71, 72, 73, 76, 79, 83, 86, 91, 94, 97, 99, 102, 103, 105, 107, 110, 115, 116, 117, 120, 124, 128, 129, 132, 133, 134, 135, 136, 138, 141, 144, 145, 147, 149, 155, 159, 160, 161, 164, 166, 170, 173, 174, 176, 179, 180, 181, 183, 184, 185, 186, 187, 188, 189, 190, 192, 195, 198]
153	(341.4, 299.4)	[1, 2, 3, 5, 6, 7, 9, 10, 15, 17, 19, 21, 24, 27, 28, 29, 30, 32, 35, 37, 38, 39, 40, 41, 42, 44, 46, 47, 48, 50, 54, 55, 56, 58, 61, 62, 64, 69, 71, 72, 74, 77, 79, 80, 82, 83, 88, 90, 93, 97, 98, 99, 101, 102, 103, 106, 109, 112, 115, 117, 118, 119, 120, 121, 123, 130, 132, 133, 138, 140, 142, 143, 149, 150, 154, 156, 157, 158, 160, 161, 165, 167, 168, 169, 172, 176, 178, 179, 180, 182, 186, 188, 191, 192, 193, 196, 199]
154	(342.2, 129.4)	[3, 4, 5, 6, 7, 9, 14, 16, 22, 26, 27, 29, 30, 32, 36, 40, 42, 43, 44, 52, 53, 54, 55, 63, 64, 65, 67, 68, 70, 71, 75, 78, 79, 81, 82, 84, 85, 86, 87, 90, 96, 97, 100, 102, 104, 108, 109, 112, 113, 114, 117, 119, 122, 123, 125, 126, 130, 134, 135, 136, 138, 141, 143, 144, 146, 151, 155, 157, 161, 162, 164, 166, 168, 176, 177, 178, 180, 181, 187, 188, 190, 192, 196, 197, 198]
155	(282.2, 63.8)	[6, 8, 9, 10, 11, 12, 13, 14, 15, 16, 18, 20, 23, 26, 27, 28, 29, 30, 32, 35, 36, 37, 38, 40, 46, 56, 61, 63, 64, 72, 74, 76, 78, 80, 82, 83, 85, 87, 88, 91, 92, 93, 98, 101, 102, 103, 106, 110, 113, 115, 116, 119, 123, 125, 126, 128, 129, 134, 137, 138, 145, 147, 148, 151, 152, 155, 156, 157, 159, 162, 163, 166, 170, 173, 175, 177, 179, 180, 181, 182, 183, 186, 190, 191, 192, 193, 194, 196, 198, 199, 200]
156	(273.2, 331.6)	[1, 2, 4, 5, 6, 9, 11, 12, 16, 17, 18, 19, 20, 22, 25, 30, 31, 38, 39, 42, 45, 46, 49, 51, 52, 54, 55, 57, 60, 62, 63, 65, 66, 68, 70, 71, 80, 82, 85, 86, 89, 92, 94, 96, 97, 100, 102, 106, 107, 109, 111, 112, 115, 116, 117, 118, 119, 124, 126, 128, 130, 131, 133, 134, 137, 138, 139, 142, 143, 144, 145, 149, 150, 151, 154, 158, 161, 166, 169, 170, 171, 175, 179, 182, 183, 186, 189, 190, 191, 192, 194, 196, 198, 199]
157	(30.2, 342.8)	[1, 2, 4, 7, 8, 10, 12, 15, 19, 20, 22, 23, 26, 27, 29, 32, 36, 37, 40, 41, 43, 45, 49, 50, 51, 53, 54, 56, 64, 66, 67, 68, 71, 72, 77, 78, 79, 80, 82, 85, 86, 88, 89, 92, 97, 101, 102, 104, 106, 110, 113, 115, 116, 118, 119, 122, 124, 130, 137, 139, 140, 142, 144, 147, 148, 149, 152, 154, 155, 160, 161, 162, 163, 164, 165, 166, 167, 171, 172, 173, 174, 177, 178, 186, 187, 188, 189, 190, 192]
158	(215.4, 384.6)	[3, 4, 5, 6, 7, 9, 10, 14, 16, 18, 21, 27, 32, 33, 35, 39, 40, 41, 45, 48, 50, 53, 55, 56, 57, 60, 63, 65, 68, 69, 71, 77, 78, 80, 81, 83, 88, 96, 104, 105, 107, 109, 114, 118, 119, 121, 122, 124, 125, 129, 130, 131, 132, 135, 136, 138, 139, 140, 142, 148, 152, 154, 155, 157, 162, 166, 167, 169, 175, 176, 177, 178, 182, 188, 189, 190, 191, 192, 194, 195, 196]
159	(323.2, 323.2)	[1, 2, 4, 5, 7, 8, 10, 13, 15, 25, 27, 30, 33, 35, 39, 40, 43, 44, 48, 50, 53, 54, 56, 57, 58, 61, 62, 63, 65, 68, 69, 72, 73, 78, 85, 87, 89, 92, 93, 95, 100, 102, 103, 106, 109, 113, 114, 115, 116, 119, 127, 128, 129, 134, 135, 138, 139, 140, 141, 143, 146, 147, 148, 151, 153, 154, 155, 159, 160, 161, 164, 165, 168, 172, 176, 178, 180, 183, 186, 189, 191, 192, 195, 196, 197, 199]
160	(184.2, 447.6)	[2, 4, 10, 12, 14, 16, 19, 21, 23, 29, 30, 31, 33, 35, 37, 41, 42, 43, 47, 49, 52, 53, 54, 55, 57, 61, 63, 65, 66, 68, 71, 72, 78, 79, 81, 84, 86, 88, 91, 92, 93, 95, 101, 102, 106, 112, 113, 114, 116, 117, 119, 120, 125, 128, 129, 132, 133, 135, 137, 141, 142, 143, 145, 159, 160, 162, 163, 164, 165, 168, 169, 170, 171, 173, 174, 178, 179, 180, 181, 182, 185, 187, 189, 191, 194, 195, 197, 198, 199, 200]
161	(284.0, 262.8)	[2, 4, 7, 8, 10, 12, 14, 15, 16, 17, 19, 22, 23, 27, 29, 31, 37, 38, 44, 49, 50, 51, 52, 56, 59, 60, 61, 63, 64, 66, 67, 68, 70, 74, 77, 78, 82, 83, 86, 89, 91, 94, 95, 97, 98, 103, 105, 109, 110, 117, 118, 120, 122, 123, 132, 135, 136, 140, 142, 143, 144, 145, 146, 149, 150, 152, 154, 158, 159, 161, 162, 167, 168, 169, 174, 175, 179, 188, 189, 190, 191, 192, 193, 195, 196, 197]
162	(261.4, 44.2)	[1, 2, 3, 7, 8, 9, 11, 12, 13, 14, 19, 21, 24, 25, 28, 29, 30, 31, 32, 33, 35, 37, 38, 39, 48, 50, 52, 55, 58, 60, 62, 63, 64, 65, 66, 69, 70, 71, 73, 75, 78, 79, 83, 89, 93, 94, 97, 98, 103, 104, 108, 109, 113, 115, 118, 120, 121, 122, 123, 124, 130, 133, 134, 135, 137, 138, 143, 145, 146, 149, 150, 152, 153, 154, 156, 161, 162, 167, 168, 169, 170, 172, 173, 175, 179, 182, 184, 186, 187, 189, 190, 191, 194, 197, 198]
163	(173.6, 357.8)	[2, 3, 4, 6, 8, 11, 14, 15, 20, 21, 22, 23, 24, 25, 29, 31, 33, 38, 41, 42, 46, 50, 55, 58, 62, 67, 68, 69, 71, 73, 76, 77, 80, 83, 84, 87, 88, 89, 92, 93, 94, 95, 99, 100, 102, 105, 106, 107, 108, 109, 113, 115, 116, 117, 118, 119, 120, 126, 128, 130, 131, 132, 133, 138, 141, 142, 144, 146, 147, 148, 151, 152, 153, 156, 157, 160, 162, 165, 167, 168, 172, 174, 177, 182, 184, 186, 187, 188, 191, 193, 194, 198]
164	(347.2, 463.2)	[1, 2, 3, 4, 17, 22, 23, 28, 29, 31, 32, 34, 36, 37, 39, 42, 43, 44, 46, 48, 49, 51, 52, 54, 57, 58, 60, 62, 64, 66, 72, 74, 76, 78, 79, 81, 87, 90, 94, 95, 97, 98, 99, 100, 101, 103, 105, 106, 107, 109, 110, 113, 114, 115, 116, 117, 119, 120, 121, 123, 126, 128, 130, 132, 133, 141, 142, 147, 150, 153, 157, 162, 164, 166, 169, 177, 178, 179, 180, 182, 187, 189, 194, 195, 199]
165	(346.4, 292.8)	[1, 2, 8, 10, 14, 15, 18, 21, 23, 25, 29, 33, 35, 38, 39, 42, 45, 46, 49, 53, 54, 56, 60, 61, 62, 63, 66, 69, 70, 71, 72, 73, 74, 75, 76, 78, 79, 80, 81, 85, 91, 93, 95, 104, 110, 111, 114, 116, 117, 118, 124, 125, 128, 130, 131, 132, 133, 135, 137, 139, 140, 142, 143, 146, 148, 151, 153, 154, 155, 157, 159, 161, 164, 165, 167, 168, 169, 171, 176, 179, 180, 186, 187, 189, 190, 191, 193, 195, 196, 197, 199]
166	(31.6, 145.4)	[1, 2, 3, 6, 7, 8, 9, 16, 17, 19, 20, 23, 25, 28, 30, 31, 32, 33, 35, 39, 40, 42, 43, 44, 46, 47, 48, 53, 58, 60, 63, 65, 66, 71, 73, 75, 77, 79, 80, 82, 83, 84, 86, 87, 90, 97, 100, 102, 103, 104, 105, 109, 110, 113, 116, 119, 120, 124, 126, 128, 134, 139, 140, 141, 142, 143, 148, 150, 154, 155, 156, 158, 159, 161, 163, 165, 167, 169, 173, 175, 176, 178, 179, 181, 182, 185, 186, 188, 190, 195, 198]
167	(371.6, 111.0)	[2, 4, 7, 8, 10, 12, 13, 17, 18, 21, 23, 24, 26, 29, 30, 32, 36, 37, 39, 45, 46, 48, 49, 51, 52, 54, 57, 58, 60, 61, 64, 66, 68, 70, 71, 72, 73, 75, 76, 79, 80, 82, 83, 86, 87, 91, 93, 96, 97, 98, 99, 102, 106, 107, 108, 111, 113, 115, 119, 123, 126, 128, 129, 131, 138, 139, 141, 143, 146, 147, 149, 150, 158, 160, 161, 163, 165, 166, 169, 173, 174, 175, 177, 178, 179, 181, 184, 185, 186, 187, 188, 191, 192, 195, 196, 198, 199, 200]
168	(207.6, 415.2)	[3, 5, 11, 12, 15, 16, 17, 19, 20, 22, 24, 27, 29, 31, 32, 33, 34, 39, 40, 41, 42, 43, 44, 45, 46, 47, 49, 50, 51, 52, 55, 58, 59, 60, 61, 63, 64, 65, 68, 70, 76, 78, 80, 84, 86, 92, 93, 94, 96, 98, 103, 104, 108, 111, 112, 114, 116, 120, 121, 122, 125, 126, 138, 139, 144, 147, 149, 153, 155, 156, 161, 162, 167, 170, 171, 173, 175, 176, 177, 178, 179, 184, 185, 186, 189, 195, 200]
169	(309.4, 331.0)	[6, 8, 10, 13, 16, 17, 18, 19, 22, 26, 28, 29, 30, 31, 35, 38, 45, 46, 47, 48, 49, 50, 51, 52, 54, 58, 65, 67, 69, 73, 75, 79, 81, 82, 83, 88, 89, 90, 93, 94, 95, 97, 99, 100, 101, 103, 104, 105, 111, 114, 117, 118, 119, 122, 124, 126, 131, 135, 136, 139, 142, 144, 147, 148, 151, 152, 154, 156, 157, 158, 159, 160, 163, 164, 165, 166, 169, 170, 172, 174, 176, 178, 180, 185, 187, 188, 191, 192, 195, 197, 198, 199]
170	(154.0, 386.2)	[1, 3, 11, 12, 14, 18, 19, 22, 23, 25, 27, 31, 35, 41, 43, 45, 46, 50, 51, 53, 55, 56, 59, 62, 64, 66, 67, 69, 70, 74, 77, 78, 79, 80, 84, 85, 89, 96, 97, 98, 103, 105, 106, 107, 108, 110, 111, 112, 115, 116, 117, 120, 121, 122, 123, 124, 127, 128, 133, 135, 137, 140, 141, 142, 143, 144, 145, 146, 147, 149, 150, 153, 158, 159, 162, 165, 166, 167, 168, 172, 174, 178, 181, 182, 188, 189, 191, 193, 197]
171	(244.4, 128.0)	[1, 3, 8, 10, 11, 13, 14, 16, 20, 21, 22, 28, 30, 35, 36, 37, 38, 40, 41, 43, 44, 46, 49, 56, 57, 59, 61, 63, 64, 71, 72, 73, 74, 75, 76, 78, 80, 81, 83, 84, 85, 86, 87, 92, 93, 97, 98, 99, 102, 105, 106, 107, 109, 111, 117, 118, 120, 123, 125, 133, 136, 143, 148, 149, 154, 156, 159, 160, 161, 162, 165, 168, 172, 173, 175, 176, 178, 179, 180, 182, 184, 185, 187, 188, 189, 190, 195, 196, 199, 200]
172	(229.8, 473.2)	[2, 3, 4, 6, 8, 13, 14, 16, 20, 21, 22, 23, 24, 25, 26, 29, 30, 32, 34, 39, 41, 42, 47, 53, 54, 55, 59, 61, 62, 64, 65, 66, 68, 70, 77, 78, 80, 81, 82, 83, 84, 86, 87, 90, 91, 92, 98, 99, 101, 110, 115, 117, 118, 120, 121, 122, 123, 124, 125, 127, 129, 130, 134, 135, 136, 137, 142, 143, 144, 145, 148, 152, 154, 156, 159, 163, 168, 170, 171, 174, 177, 179, 182, 184, 185, 186, 190, 193, 195, 198, 199]
173	(444.8, 219.8)	[1, 3, 9, 11, 13, 16, 17, 22, 23, 29, 30, 31, 33, 34, 40, 43, 47, 48, 49, 53, 59, 60, 61, 62, 63, 64, 65, 68, 72, 75, 76, 77, 78, 80, 81, 82, 83, 85, 91, 92, 96, 98, 100, 101, 102, 103, 106, 107, 108, 109, 111, 114, 121, 122, 124, 126, 127, 128, 130, 133, 137, 141, 143, 144, 145, 146, 148, 150, 152, 153, 155, 156, 157, 158, 159, 166, 169, 173, 174, 177, 181, 183, 184, 185, 186, 187, 188, 189, 191, 192, 193, 194, 195, 197, 198, 200]
174	(146.4, 275.2)	[1, 4, 6, 7, 8, 9, 12, 14, 17, 18, 20, 21, 22, 23, 24, 25, 33, 34, 36, 38, 44, 45, 46, 47, 50, 51, 52, 55, 58, 59, 61, 63, 64, 65, 66, 67, 68, 69, 70, 71, 73, 74, 75, 76, 79, 81, 85, 86, 94, 95, 96, 102, 103, 105, 106, 107, 114, 116, 117, 118, 119, 121, 126, 127, 131, 132, 133, 139, 140, 142, 143, 145, 146, 155, 159, 161, 162, 163, 167, 168, 170, 175, 176, 182, 184, 186, 187, 188, 189, 191, 192, 197, 198]
175	(472.4, 133.2)	[1, 4, 8, 9, 10, 11, 15, 16, 18, 21, 22, 23, 25, 26, 29, 33, 34, 38, 39, 40, 42, 44, 47, 48, 50, 52, 57, 58, 60, 62, 63, 67, 68, 69, 71, 73, 75, 80, 81, 84, 86, 88, 90, 93, 95, 99, 100, 101, 104, 106, 107, 108, 109, 112, 118, 120, 121, 123, 134, 136, 137, 138, 139, 141, 143, 145, 148, 151, 154, 161, 163, 164, 169, 170, 171, 172, 173, 175, 177, 178, 180, 181, 185, 188, 189, 190, 191, 192, 193, 195, 199]
176	(299.0, 409.2)	[2, 4, 5, 6, 7, 8, 9, 11, 12, 13, 17, 18, 20, 23, 24, 25, 26, 27, 30, 35, 36, 40, 46, 55, 57, 62, 65, 68, 69, 72, 74, 78, 79, 80, 81, 82, 86, 88, 89, 91, 95, 96, 97, 99, 101, 103, 104, 107, 109, 112, 113, 114, 117, 120, 121, 122, 123, 125, 126, 127, 128, 130, 132, 133, 136, 137, 141, 142, 143, 144, 146, 147, 150, 151, 156, 157, 163, 164, 165, 168, 169, 171, 172, 175, 177, 178, 180, 183, 185, 191, 194, 196, 200]
177	(117.8, 307.8)	[3, 5, 6, 14, 17, 18, 19, 23, 24, 25, 28, 32, 33, 34, 35, 36, 39, 40, 45, 48, 49, 50, 55, 58, 59, 63, 64, 65, 67, 68, 69, 70, 71, 75, 79, 80, 82, 83, 84, 87, 89, 93, 97, 104, 110, 111, 115, 116, 118, 119, 121, 123, 124, 126, 127, 129, 131, 132, 135, 136, 137, 139, 142, 144, 147, 149, 150, 153, 155, 156, 158, 164, 165, 166, 168, 170, 171, 172, 173, 175, 176, 177, 182, 184, 185, 188, 191, 195, 198, 199, 200]
178	(88.4, 136.4)	[4, 5, 10, 14, 15, 16, 18, 19, 22, 26, 27, 28, 29, 30, 32, 35, 37, 38, 39, 41, 42, 43, 44, 46, 48, 49, 51, 52, 55, 59, 65, 66, 67, 70, 72, 76, 77, 82, 83, 86, 87, 91, 92, 95, 96, 97, 99, 100, 109, 110, 111, 113, 118, 119, 120, 121, 123, 125, 127, 131, 135, 136, 137, 141, 144, 145, 146, 148, 149, 152, 156, 157, 158, 159, 161, 162, 164, 165, 166, 168, 169, 170, 175, 178, 181, 183, 184, 187, 188, 190, 191, 195, 197, 199]
179	(298.4, 367.6)	[6, 7, 11, 13, 15, 17, 18, 23, 24, 26, 27, 36, 37, 38, 40, 42, 47, 48, 53, 60, 62, 64, 67, 68, 70, 71, 72, 76, 80, 81, 82, 83, 85, 87, 88, 89, 92, 95, 97, 98, 99, 101, 102, 103, 104, 105, 107, 109, 112, 113, 116, 117, 118, 122, 125, 128, 130, 133, 135, 137, 138, 140, 143, 146, 148, 153, 155, 156, 157, 158, 159, 162, 163, 164, 169, 172, 174, 177, 179, 182, 184, 185, 191, 196, 199]
180	(309.4, 435.6)	[2, 4, 11, 13, 15, 16, 20, 21, 22, 23, 24, 25, 27, 32, 33, 37, 38, 39, 41, 44, 45, 47, 49, 50, 52, 53, 59, 61, 63, 64, 65, 66, 67, 73, 77, 81, 83, 86, 87, 88, 89, 90, 92, 94, 97, 99, 100, 103, 104, 106, 108, 112, 114, 118, 120, 121, 122, 123, 124, 126, 127, 128, 130, 134, 137, 140, 145, 146, 147, 152, 154, 155, 156, 157, 160, 169, 171, 172, 173, 174, 175, 177, 180, 195, 196, 197, 198, 199]
181	(446.8, 32.6)	[2, 3, 4, 6, 9, 12, 13, 16, 18, 22, 24, 26, 27, 28, 29, 34, 35, 36, 37, 40, 41, 46, 48, 51, 53, 54, 56, 58, 59, 61, 65, 66, 67, 68, 70, 73, 77, 78, 80, 84, 85, 87, 91, 92, 96, 97, 100, 101, 102, 103, 106, 113, 116, 119, 121, 125, 127, 128, 132, 133, 136, 137, 143, 146, 149, 150, 153, 156, 157, 159, 161, 164, 166, 167, 168, 169, 170, 172, 175, 179, 182, 191, 192, 193, 196, 198, 200]
182	(323.2, 383.6)	[1, 2, 3, 4, 5, 6, 9, 10, 11, 12, 14, 16, 20, 21, 22, 23, 27, 28, 29, 30, 31, 32, 33, 37, 41, 42, 43, 45, 46, 53, 54, 56, 59, 61, 62, 63, 64, 65, 66, 71, 74, 76, 80, 82, 83, 87, 91, 92, 98, 100, 101, 102, 105, 110, 111, 112, 113, 114, 116, 117, 118, 120, 122, 126, 130, 131, 139, 141, 143, 144, 149, 153, 154, 156, 158, 159, 160, 165, 170, 171, 172, 173, 178, 180, 187, 188, 189, 191, 193, 195, 199, 200]
183	(194.8, 53.4)	[1, 3, 4, 6, 8, 10, 11, 12, 13, 16, 18, 20, 22, 24, 25, 26, 34, 35, 37, 39, 44, 45, 47, 50, 51, 53, 57, 59, 60, 61, 64, 66, 70, 71, 73, 76, 78, 79, 80, 81, 85, 87, 92, 93, 94, 96, 97, 99, 100, 102, 104, 106, 108, 110, 111, 113, 114, 118, 119, 121, 127, 130, 131, 132, 136, 137, 139, 141, 142, 143, 144, 145, 148, 153, 158, 159, 161, 162, 165, 166, 172, 174, 177, 179, 180, 181, 182, 185, 186, 189, 192, 197]
184	(133.4, 353.6)	[2, 6, 8, 10, 12, 14, 17, 18, 19, 21, 24, 25, 27, 30, 31, 33, 34, 36, 38, 39, 41, 45, 47, 51, 53, 55, 57, 59, 60, 61, 62, 66, 69, 70, 74, 86, 88, 90, 92, 102, 103, 105, 107, 110, 112, 114, 115, 116, 124, 126, 127, 132, 133, 135, 136, 139, 144, 145, 149, 150, 151, 152, 153, 156, 158, 159, 160, 161, 164, 166, 167, 168, 169, 174, 178, 183, 188, 191, 192, 195, 197, 198, 200]
185	(106.2, 147.4)	[4, 5, 7, 8, 11, 15, 16, 17, 19, 22, 23, 26, 27, 31, 35, 37, 38, 41, 47, 48, 49, 52, 53, 54, 56, 57, 62, 63, 64, 68, 70, 72, 73, 75, 76, 79, 80, 81, 82, 83, 85, 86, 87, 89, 91, 96, 98, 100, 102, 107, 108, 110, 112, 113, 118, 119, 120, 122, 124, 125, 126, 127, 128, 130, 135, 136, 138, 140, 145, 146, 147, 150, 152, 154, 155, 158, 160, 161, 165, 166, 167, 172, 175, 178, 180, 184, 185, 193, 196, 197, 198]
186	(371.8, 459.8)	[1, 4, 5, 9, 10, 11, 14, 15, 20, 23, 26, 30, 31, 32, 34, 36, 40, 41, 42, 44, 46, 49, 50, 53, 55, 56, 57, 60, 62, 65, 66, 68, 70, 71, 74, 75, 77, 78, 79, 86, 87, 90, 94, 96, 97, 98, 99, 106, 108, 109, 111, 112, 113, 115, 116, 117, 118, 119, 120, 121, 127, 130, 132, 133, 135, 139, 140, 141, 142, 146, 148, 149, 151, 155, 157, 158, 159, 160, 161, 162, 163, 166, 167, 170, 172, 174, 176, 179, 180, 182, 188, 190, 195, 196, 197, 198]
187	(451.4, 312.0)	[2, 3, 4, 5, 12, 14, 15, 18, 21, 25, 31, 32, 33, 34, 36, 37, 39, 40, 41, 45, 48, 50, 52, 55, 59, 61, 66, 69, 70, 72, 73, 77, 78, 81, 82, 84, 85, 89, 90, 93, 97, 99, 101, 104, 107, 110, 111, 112, 118, 119, 120, 121, 123, 124, 126, 128, 130, 131, 132, 134, 135, 140, 143, 146, 149, 150, 151, 155, 159, 163, 164, 166, 167, 170, 173, 175, 176, 180, 181, 184, 187, 189, 190, 192, 193]
188	(149.6, 346.8)	[2, 3, 5, 7, 9, 10, 12, 16, 17, 18, 19, 21, 22, 23, 25, 27, 29, 32, 33, 36, 38, 44, 48, 49, 51, 52, 53, 56, 61, 62, 63, 64, 69, 72, 73, 81, 83, 87, 90, 91, 93, 94, 95, 102, 104, 105, 106, 107, 111, 113, 115, 117, 118, 120, 121, 122, 124, 127, 130, 132, 133, 134, 144, 146, 147, 148, 149, 151, 153, 154, 156, 159, 160, 161, 164, 165, 169, 173, 175, 179, 182, 185, 186, 187, 189, 192, 195, 197, 198]
189	(42.0, 212.8)	[10, 12, 15, 16, 20, 24, 28, 29, 32, 33, 35, 41, 42, 44, 45, 46, 48, 49, 51, 53, 54, 55, 56, 57, 62, 63, 64, 65, 67, 68, 69, 73, 74, 77, 78, 80, 83, 84, 87, 88, 89, 92, 93, 95, 96, 98, 101, 102, 103, 106, 107, 109, 111, 122, 123, 125, 126, 130, 131, 133, 134, 135, 136, 137, 140, 145, 146, 148, 149, 153, 154, 155, 156, 158, 160, 161, 162, 164, 166, 167, 168, 170, 174, 175, 176, 178, 179, 184, 193, 196, 197, 198, 199]
190	(206.2, 274.4)	[1, 3, 4, 5, 7, 11, 20, 21, 24, 25, 26, 28, 30, 32, 35, 37, 40, 42, 44, 45, 50, 52, 55, 58, 60, 61, 64, 65, 67, 68, 70, 71, 72, 74, 75, 78, 79, 81, 87, 88, 90, 91, 92, 94, 95, 96, 97, 101, 104, 105, 106, 108, 112, 113, 114, 115, 121, 125, 128, 132, 133, 134, 135, 136, 138, 140, 142, 143, 144, 145, 149, 150, 152, 155, 156, 157, 160, 165, 166, 172, 175, 176, 177, 181, 182, 183, 184, 193, 195, 196, 197, 198, 199]
191	(296.0, 441.2)	[1, 3, 4, 5, 11, 12, 20, 21, 22, 23, 26, 27, 29, 30, 31, 32, 33, 34, 37, 38, 40, 42, 43, 45, 46, 48, 50, 54, 55, 57, 60, 62, 64, 69, 70, 72, 73, 74, 76, 77, 78, 82, 83, 89, 90, 91, 94, 95, 97, 98, 102, 103, 105, 106, 108, 109, 110, 111, 114, 117, 119, 122, 124, 125, 126, 128, 129, 135, 137, 139, 141, 143, 146, 153, 162, 169, 174, 178, 179, 180, 182, 185, 187, 188, 189, 195, 196, 198, 199]
192	(138.6, 474.2)	[1, 2, 3, 11, 12, 13, 14, 15, 18, 20, 25, 26, 28, 33, 35, 38, 41, 44, 45, 47, 48, 51, 53, 54, 56, 57, 58, 59, 63, 68, 69, 70, 71, 74, 78, 79, 81, 84, 86, 87, 91, 92, 93, 103, 104, 105, 106, 107, 109, 110, 112, 113, 115, 118, 122, 124, 127, 128, 129, 130, 131, 133, 135, 139, 140, 142, 144, 146, 148, 151, 155, 156, 157, 159, 160, 162, 163, 164, 167, 168, 171, 173, 176, 178, 182, 183, 185, 192, 193, 195, 197, 198]
193	(45.0, 351.2)	[1, 6, 13, 14, 15, 21, 22, 23, 24, 28, 34, 35, 36, 49, 56, 57, 59, 61, 65, 66, 67, 70, 71, 72, 76, 78, 80, 85, 87, 90, 93, 95, 96, 97, 100, 101, 102, 103, 104, 105, 108, 110, 114, 115, 119, 120, 121, 122, 123, 125, 126, 127, 130, 131, 134, 136, 139, 142, 143, 144, 146, 147, 148, 152, 154, 156, 158, 161, 162, 163, 164, 165, 166, 167, 169, 174, 175, 183, 186, 187, 189, 191, 192, 193, 194, 197, 198, 200]
194	(284.0, 130.0)	[2, 6, 7, 9, 11, 14, 16, 17, 20, 23, 31, 32, 33, 34, 35, 37, 41, 43, 47, 48, 54, 58, 61, 63, 64, 65, 68, 71, 73, 76, 77, 79, 80, 82, 83, 84, 85, 86, 87, 89, 90, 91, 96, 99, 102, 104, 105, 106, 107, 108, 109, 111, 119, 120, 124, 126, 127, 128, 129, 130, 132, 139, 141, 146, 151, 153, 154, 157, 164, 165, 170, 173, 176, 183, 186, 188, 191, 192, 193, 194, 198, 199]
195	(37.4, 349.8)	[1, 3, 5, 6, 10, 11, 13, 14, 15, 16, 18, 21, 22, 23, 27, 28, 29, 31, 32, 33, 36, 37, 38, 40, 41, 44, 47, 49, 50, 54, 57, 58, 60, 63, 65, 68, 74, 75, 76, 77, 80, 82, 83, 84, 87, 90, 94, 95, 97, 98, 102, 110, 111, 115, 117, 118, 119, 123, 126, 130, 133, 135, 136, 137, 142, 147, 148, 149, 154, 155, 157, 158, 161, 162, 163, 164, 167, 169, 170, 173, 174, 177, 180, 183, 185, 186, 188, 191, 193, 194, 195, 200]
196	(451.8, 116.4)	[1, 2, 4, 5, 9, 15, 17, 20, 21, 22, 23, 24, 26, 27, 29, 31, 32, 34, 38, 39, 44, 54, 55, 56, 57, 58, 59, 61, 62, 65, 67, 68, 70, 72, 77, 85, 86, 88, 90, 91, 94, 95, 96, 100, 101, 104, 105, 107, 108, 110, 113, 115, 116, 121, 126, 127, 128, 129, 132, 133, 135, 136, 140, 141, 145, 149, 150, 154, 158, 160, 164, 168, 169, 171, 175, 176, 178, 179, 180, 181, 184, 185, 187, 192, 193, 194, 196, 197, 198, 200]
197	(145.2, 94.0)	[2, 3, 5, 6, 8, 9, 12, 14, 15, 17, 18, 19, 20, 21, 22, 27, 28, 30, 32, 34, 42, 45, 46, 47, 48, 54, 55, 59, 62, 63, 64, 66, 67, 69, 74, 84, 85, 89, 97, 99, 104, 105, 108, 109, 114, 115, 116, 118, 122, 123, 124, 125, 126, 130, 132, 134, 135, 137, 139, 143, 149, 150, 151, 152, 155, 156, 157, 158, 159, 160, 163, 170, 173, 175, 176, 177, 178, 182, 183, 184, 186, 187, 188, 189, 191, 192, 193, 197, 198]
198	(145.0, 186.2)	[2, 5, 7, 9, 10, 11, 13, 14, 17, 26, 28, 31, 34, 37, 42, 46, 47, 50, 52, 56, 58, 59, 63, 66, 71, 72, 73, 74, 75, 77, 86, 87, 92, 94, 95, 97, 98, 100, 102, 103, 105, 107, 110, 111, 112, 114, 115, 116, 118, 120, 123, 125, 126, 130, 131, 134, 135, 136, 146, 149, 150, 152, 153, 154, 157, 158, 159, 160, 161, 163, 169, 171, 179, 180, 182, 183, 184, 185, 188, 189, 190, 191, 195, 196, 198, 199, 200]
199	(85.2, 139.4)	[1, 2, 3, 4, 9, 10, 14, 18, 19, 21, 22, 23, 25, 26, 27, 28, 29, 32, 33, 34, 35, 41, 43, 44, 45, 46, 52, 55, 58, 59, 61, 63, 64, 75, 76, 79, 81, 82, 83, 84, 87, 93, 95, 97, 98, 99, 101, 104, 105, 106, 107, 111, 112, 115, 118, 119, 122, 124, 128, 130, 132, 134, 137, 141, 143, 145, 153, 154, 156, 158, 159, 161, 163, 164, 165, 166, 176, 182, 185, 186, 194, 195, 196, 200]
200	(464.4, 130.2)	[5, 6, 9, 10, 11, 13, 14, 15, 16, 18, 19, 20, 21, 23, 24, 27, 29, 30, 31, 32, 34, 36, 38, 39, 40, 43, 46, 47, 50, 51, 52, 53, 54, 59, 60, 64, 65, 69, 72, 73, 75, 77, 78, 82, 85, 87, 88, 90, 91, 92, 98, 99, 100, 102, 103, 105, 107, 110, 114, 115, 117, 121, 132, 136, 137, 138, 142, 143, 144, 146, 148, 149, 150, 151, 156, 157, 158, 159, 160, 163, 165, 169, 170, 174, 176, 178, 186, 188, 192, 194, 197]
201	(73.4, 180.4)	[3, 4, 6, 7, 8, 11, 12, 13, 16, 23, 24, 27, 29, 34, 35, 36, 39, 40, 41, 42, 44, 45, 48, 50, 54, 58, 59, 60, 64, 66, 67, 70, 72, 73, 74, 79, 80, 82, 83, 84, 86, 88, 89, 90, 91, 92, 94, 95, 98, 99, 111, 113, 118, 120, 122, 123, 124, 126, 129, 131, 132, 133, 134, 136, 140, 141, 144, 145, 148, 149, 150, 154, 155, 156, 165, 168, 169, 170, 176, 177, 178, 180, 182, 183, 184, 187, 189, 190]
202	(294.0, 426.4)	[1, 2, 3, 5, 6, 7, 8, 11, 13, 23, 24, 28, 34, 35, 38, 40, 41, 43, 45, 46, 47, 49, 50, 51, 52, 53, 56, 65, 66, 70, 74, 75, 76, 77, 79, 82, 83, 84, 88, 91, 94, 95, 99, 100, 106, 108, 111, 113, 117, 118, 119, 120, 122, 125, 127, 128, 129, 130, 131, 134, 135, 136, 137, 142, 143, 144, 149, 150, 151, 153, 162, 163, 164, 165, 166, 171, 173, 176, 179, 183, 184, 185, 186, 187, 189, 191, 192, 195, 196, 199, 200]
203	(282.8, 292.2)	[1, 4, 5, 6, 7, 8, 11, 12, 13, 15, 17, 19, 20, 22, 23, 26, 31, 32, 34, 35, 38, 43, 46, 47, 51, 52, 57, 59, 60, 61, 63, 65, 69, 70, 71, 72, 74, 75, 76, 77, 78, 80, 81, 82, 84, 85, 86, 88, 89, 90, 92, 99, 100, 102, 103, 105, 106, 107, 108, 110, 112, 113, 122, 123, 127, 133, 140, 145, 146, 148, 149, 150, 151, 153, 159, 160, 161, 163, 164, 169, 175, 179, 180, 188, 189, 194, 195, 196, 198, 199, 200]
204	(457.4, 101.4)	[2, 4, 6, 7, 10, 11, 12, 13, 14, 15, 18, 20, 21, 24, 27, 28, 30, 31, 32, 33, 40, 46, 48, 49, 51, 53, 56, 57, 58, 59, 63, 68, 69, 70, 72, 77, 78, 79, 80, 82, 84, 87, 90, 91, 92, 93, 96, 97, 98, 99, 100, 102, 104, 107, 111, 112, 118, 125, 126, 128, 129, 130, 131, 135, 137, 140, 144, 146, 148, 150, 153, 159, 160, 161, 163, 165, 168, 172, 173, 176, 177, 181, 183, 184, 187, 189, 192, 193, 194, 195, 198, 200]
205	(136.6, 77.8)	[2, 4, 5, 7, 8, 10, 12, 13, 19, 20, 21, 23, 24, 27, 28, 33, 34, 35, 36, 38, 41, 42, 43, 46, 50, 55, 56, 58, 59, 60, 62, 65, 79, 80, 81, 85, 86, 89, 90, 91, 94, 95, 96, 98, 99, 100, 105, 108, 110, 111, 115, 116, 120, 121, 122, 128, 129, 131, 137, 138, 139, 141, 142, 143, 144, 145, 146, 147, 150, 151, 155, 158, 160, 161, 163, 164, 165, 168, 170, 171, 173, 174, 178, 185, 193, 198, 199, 200]
206	(368.6, 210.2)	[1, 8, 10, 13, 14, 15, 16, 17, 18, 19, 20, 21, 22, 24, 27, 28, 33, 34, 37, 44, 45, 46, 47, 53, 57, 58, 60, 61, 62, 63, 64, 67, 68, 69, 70, 72, 73, 74, 78, 79, 80, 82, 86, 90, 93, 94, 99, 100, 101, 102, 103, 109, 110, 111, 112, 113, 117, 120, 123, 125, 127, 129, 131, 133, 134, 135, 136, 137, 143, 144, 151, 155, 156, 157, 160, 161, 162, 163, 164, 165, 166, 167, 170, 174, 176, 179, 180, 186, 187, 190, 193, 199]
207	(236.0, 306.8)	[1, 2, 5, 6, 8, 16, 17, 19, 20, 24, 26, 28, 30, 34, 36, 37, 41, 45, 46, 48, 49, 50, 55, 56, 59, 65, 67, 69, 70, 71, 72, 74, 75, 77, 82, 84, 88, 90, 92, 95, 96, 99, 101, 102, 103, 106, 112, 114, 117, 120, 121, 123, 126, 128, 129, 132, 133, 134, 137, 139, 142, 147, 149, 155, 157, 161, 162, 163, 166, 167, 170, 171, 172, 175, 179, 185, 186, 188, 192, 193, 195, 197, 199]
208	(383.4, 309.2)	[2, 4, 8, 9, 10, 12, 14, 15, 16, 17, 18, 22, 23, 33, 35, 37, 41, 44, 45, 47, 49, 51, 52, 54, 56, 59, 60, 63, 64, 65, 67, 72, 73, 74, 78, 79, 83, 84, 85, 88, 89, 91, 92, 93, 94, 95, 96, 99, 101, 102, 103, 106, 107, 109, 110, 111, 112, 117, 118, 124, 125, 132, 136, 138, 144, 145, 148, 150, 153, 154, 155, 160, 161, 162, 165, 173, 175, 178, 181, 182, 183, 186, 189, 190, 191, 193, 195, 198, 199, 200]
209	(317.6, 244.8)	[1, 3, 5, 6, 7, 9, 10, 14, 15, 16, 21, 23, 25, 26, 27, 31, 35, 36, 37, 39, 40, 46, 47, 51, 52, 53, 54, 55, 60, 62, 64, 65, 73, 76, 77, 78, 80, 82, 85, 86, 88, 89, 94, 102, 106, 108, 110, 112, 113, 114, 118, 123, 128, 132, 133, 134, 136, 137, 139, 142, 146, 148, 151, 154, 155, 156, 157, 158, 159, 161, 162, 163, 164, 166, 167, 169, 171, 177, 179, 181, 182, 183, 185, 188, 189, 192, 194, 197, 198, 199, 200]
210	(413.8, 124.4)	[1, 2, 3, 5, 6, 10, 12, 13, 17, 18, 19, 23, 24, 25, 27, 29, 32, 33, 35, 36, 37, 41, 42, 43, 45, 46, 50, 51, 53, 55, 58, 61, 66, 67, 68, 70, 72, 76, 77, 81, 83, 84, 86, 88, 89, 90, 92, 94, 99, 105, 109, 112, 113, 116, 122, 124, 126, 131, 132, 133, 134, 136, 137, 138, 140, 141, 142, 143, 149, 154, 159, 160, 168, 169, 170, 172, 173, 178, 180, 184, 186, 187, 190, 197, 198, 199]
211	(417.2, 263.4)	[1, 2, 5, 8, 9, 10, 14, 16, 17, 19, 20, 23, 26, 27, 30, 31, 33, 34, 41, 43, 45, 48, 50, 51, 52, 55, 56, 57, 59, 61, 62, 63, 64, 65, 66, 74, 75, 79, 81, 82, 88, 91, 96, 100, 103, 104, 108, 109, 112, 113, 119, 120, 123, 126, 129, 130, 131, 133, 134, 135, 136, 138, 139, 141, 143, 144, 145, 146, 147, 150, 153, 156, 161, 163, 164, 168, 170, 174, 176, 178, 181, 182, 186, 189, 192, 193, 195, 196, 197, 200]
212	(76.2, 231.8)	[1, 2, 6, 7, 8, 21, 22, 23, 25, 28, 29, 30, 31, 34, 37, 39, 40, 43, 46, 47, 51, 52, 54, 67, 68, 71, 73, 77, 78, 79, 85, 86, 87, 88, 89, 90, 91, 92, 93, 96, 101, 102, 103, 107, 108, 110, 112, 116, 117, 120, 122, 124, 125, 128, 129, 133, 135, 139, 141, 143, 145, 147, 156, 158, 159, 160, 161, 162, 165, 166, 168, 169, 170, 171, 174, 177, 180, 181, 184, 185, 187, 190, 191, 193, 194, 195, 196, 197, 199, 200]
213	(79.6, 187.6)	[1, 3, 4, 6, 7, 11, 12, 13, 17, 18, 20, 22, 25, 27, 30, 31, 34, 35, 38, 41, 42, 43, 44, 45, 48, 50, 51, 52, 53, 54, 57, 58, 63, 64, 68, 72, 75, 77, 78, 79, 80, 81, 82, 84, 89, 91, 93, 97, 101, 103, 105, 106, 107, 108, 109, 110, 111, 115, 119, 120, 122, 123, 126, 128, 129, 133, 134, 139, 141, 143, 148, 150, 151, 155, 156, 159, 162, 164, 165, 166, 167, 169, 172, 174, 178, 179, 181, 187, 198, 200]
214	(159.2, 428.6)	[2, 3, 10, 12, 13, 14, 16, 19, 20, 22, 25, 27, 28, 30, 34, 36, 37, 38, 40, 41, 43, 51, 52, 53, 55, 56, 57, 58, 59, 61, 65, 72, 73, 79, 80, 83, 87, 92, 93, 97, 99, 103, 104, 106, 109, 114, 121, 124, 125, 126, 127, 128, 129, 132, 138, 142, 144, 145, 147, 151, 152, 154, 155, 156, 158, 160, 161, 163, 164, 165, 166, 167, 169, 172, 173, 174, 177, 185, 186, 188, 190, 191, 192, 193, 194, 195, 196, 197, 200]
215	(288.4, 167.0)	[2, 4, 5, 8, 9, 10, 13, 15, 16, 19, 20, 21, 22, 24, 25, 27, 29, 30, 31, 33, 37, 40, 41, 42, 44, 46, 48, 50, 51, 56, 58, 59, 60, 61, 63, 64, 65, 67, 68, 69, 72, 75, 76, 78, 80, 83, 88, 91, 92, 94, 95, 96, 99, 103, 107, 110, 113, 114, 115, 116, 118, 120, 121, 123, 124, 125, 126, 127, 128, 129, 130, 134, 135, 137, 141, 142, 143, 145, 150, 153, 155, 157, 158, 160, 162, 166, 168, 169, 175, 176, 178, 180, 186, 199]
216	(112.6, 49.0)	[1, 3, 4, 5, 9, 10, 13, 14, 15, 16, 17, 19, 20, 21, 25, 26, 29, 33, 35, 36, 37, 39, 40, 41, 45, 46, 48, 52, 54, 57, 59, 65, 66, 67, 68, 70, 74, 76, 77, 79, 80, 84, 85, 90, 92, 94, 95, 97, 100, 101, 103, 106, 109, 111, 113, 114, 120, 123, 124, 126, 127, 128, 129, 132, 134, 140, 142, 143, 146, 152, 153, 155, 156, 157, 158, 162, 163, 166, 167, 173, 179, 180, 181, 183, 186, 187, 189, 193, 194, 196, 200]
217	(70.0, 334.8)	[3, 7, 9, 11, 14, 16, 18, 22, 23, 24, 26, 28, 29, 34, 36, 39, 43, 46, 47, 48, 49, 50, 51, 52, 54, 55, 56, 59, 60, 62, 63, 69, 71, 76, 77, 80, 81, 82, 83, 84, 85, 86, 88, 89, 91, 94, 97, 100, 101, 104, 107, 108, 113, 114, 116, 118, 119, 122, 124, 127, 131, 134, 137, 139, 142, 144, 146, 148, 152, 153, 155, 157, 162, 163, 165, 170, 171, 172, 173, 174, 178, 180, 183, 184, 185, 189, 194, 195]
218	(307.2, 230.8)	[2, 3, 5, 6, 16, 17, 18, 19, 20, 26, 30, 31, 37, 44, 45, 46, 47, 49, 50, 57, 59, 60, 62, 66, 67, 68, 70, 72, 74, 77, 78, 79, 80, 82, 83, 84, 86, 87, 93, 95, 96, 100, 102, 104, 107, 110, 111, 112, 115, 117, 120, 123, 126, 130, 131, 132, 133, 135, 138, 140, 141, 142, 143, 146, 148, 149, 150, 151, 152, 154, 158, 159, 160, 161, 162, 163, 165, 166, 168, 169, 171, 173, 174, 175, 177, 179, 185, 190, 194, 197, 199]
219	(61.4, 463.2)	[1, 3, 5, 6, 10, 14, 17, 21, 23, 24, 30, 35, 37, 38, 41, 43, 44, 46, 47, 48, 49, 50, 51, 53, 55, 58, 59, 60, 61, 65, 69, 70, 73, 76, 78, 79, 82, 83, 85, 87, 89, 90, 96, 97, 100, 101, 104, 105, 106, 109, 111, 115, 116, 117, 118, 119, 120, 121, 124, 125, 126, 136, 137, 138, 144, 145, 146, 147, 151, 157, 158, 159, 160, 161, 162, 163, 164, 165, 169, 174, 177, 178, 180, 181, 182, 183, 185, 188, 190, 196, 197]
220	(350.4, 201.8)	[3, 5, 9, 13, 17, 22, 23, 25, 27, 29, 30, 32, 34, 35, 48, 49, 51, 52, 54, 55, 56, 57, 58, 62, 66, 67, 68, 71, 74, 76, 81, 82, 83, 84, 87, 90, 97, 102, 104, 108, 109, 115, 120, 121, 122, 123, 125, 126, 127, 130, 134, 135, 141, 142, 144, 145, 146, 147, 148, 150, 151, 153, 155, 158, 159, 161, 162, 163, 164, 166, 169, 170, 172, 175, 178, 183, 184, 185, 188, 189, 193, 195, 196, 197, 198, 199]
221	(194.0, 308.4)	[3, 5, 10, 18, 21, 25, 30, 31, 33, 34, 36, 37, 38, 41, 45, 48, 49, 50, 51, 53, 54, 55, 57, 59, 61, 63, 65, 67, 68, 69, 71, 73, 78, 80, 81, 84, 89, 91, 92, 94, 99, 100, 102, 103, 105, 108, 109, 111, 112, 113, 115, 117, 121, 122, 125, 126, 127, 129, 133, 136, 137, 142, 146, 147, 149, 150, 154, 155, 157, 158, 160, 165, 167, 170, 171, 174, 175, 178, 179, 180, 181, 184, 185, 187, 197, 199]
222	(318.2, 47.0)	[2, 3, 4, 5, 11, 12, 13, 21, 22, 23, 24, 25, 26, 27, 31, 32, 33, 34, 37, 42, 46, 47, 50, 55, 57, 58, 61, 63, 64, 65, 70, 73, 75, 79, 83, 84, 85, 89, 92, 95, 96, 98, 101, 105, 106, 108, 109, 110, 111, 112, 114, 115, 117, 118, 119, 120, 122, 123, 124, 129, 132, 133, 140, 141, 142, 147, 148, 151, 153, 154, 156, 159, 162, 163, 166, 167, 169, 170, 174, 177, 179, 180, 182, 184, 185, 188, 195, 197, 198, 200]
223	(444.2, 191.8)	[4, 8, 10, 12, 19, 20, 22, 25, 26, 27, 30, 31, 32, 35, 36, 37, 38, 40, 42, 43, 44, 45, 48, 50, 52, 53, 54, 56, 58, 60, 62, 65, 73, 76, 78, 85, 87, 88, 89, 90, 92, 95, 96, 100, 101, 105, 108, 114, 117, 118, 119, 123, 128, 129, 130, 133, 136, 138, 143, 145, 152, 155, 158, 159, 161, 162, 164, 165, 167, 172, 176, 177, 179, 180, 181, 183, 185, 188, 189, 190, 191, 193, 196, 199, 200]
224	(117.4, 290.2)	[1, 3, 4, 8, 10, 11, 14, 16, 17, 19, 20, 21, 26, 28, 29, 34, 35, 39, 42, 43, 44, 45, 48, 52, 60, 62, 64, 67, 68, 70, 72, 73, 74, 76, 77, 78, 82, 83, 84, 86, 87, 89, 90, 92, 95, 97, 101, 104, 105, 109, 110, 117, 119, 120, 121, 122, 123, 124, 125, 126, 127, 128, 131, 133, 137, 138, 140, 141, 142, 143, 146, 150, 151, 152, 153, 155, 156, 157, 160, 166, 168, 169, 171, 172, 173, 177, 178, 180, 181, 182, 183, 187, 190, 192, 193, 194, 195]
